9.699244064360822426e-01
5.453150176921428560e-01
1.854905940471721993e-03
5.396147553326349211e-01
2.311731813927750401e-01
1.999092736377431068e-01
5.143753572673332997e-01
1.863614569495009509e-03
2.998948753001520195e-01
1.854543838947944048e-03
1.880211465493310903e-03
1.843301458233009144e-03
5.036124152039997970e-01
1.863207838777607671e-03
1.855196900187979642e-03
1.852892621703686226e-03
3.352296324073562594e-01
5.214419828436588356e-01
6.555899617591350870e-01
5.120479163556619362e-01
3.235554584961353175e-01
1.870308797888894491e-03
3.037824351682499313e-01
3.787467222760000918e-01
1.131228053079104678e-01
2.673403365313903324e-01
2.001625593104365899e-03
3.169879054240464233e-01
2.129393992372325684e-01
7.103602592607665134e-01
4.010711618625292241e-01
1.854993955740217313e-03
1.899080957039519287e-03
1.869253829967683096e-03
1.855055370872070669e-03
7.035261870532084627e-01
6.402676738765065156e-01
2.019523630153971603e-03
5.823332442452742175e-01
7.262636863879999849e-01
2.639540856791184331e-01
1.971430175488217418e-03
2.600514196702617409e-01
5.925449510646570994e-01
2.624692822489689270e-01
1.853445142479792944e-03
3.956941836142070512e-01
3.752486092208084933e-01
5.873316768724012871e-01
1.862136069109376338e-03
1.855072634167211727e-03
2.389749219629999921e-01
1.855599835922867044e-03
1.878755553826892948e-03
1.855196464604816570e-03
1.855441299660502349e-03
3.878473523786863386e-01
5.817297051026507626e-01
5.270714741902147171e-01
8.902804613680004309e-01
1.886073018564656369e-03
4.550222223803839228e-01
1.520904058741161802e-01
2.745978754579123660e-01
1.855560776624210493e-03
1.870821222632686751e-03
3.985349952093718562e-01
4.893510848228325716e-01
8.302825776789999335e-01
7.016769529228081836e-01
6.191359542371787095e-01
7.907571614939997717e-01
7.900790270758405454e-01
4.188727180292700081e-01
8.121807710958485194e-01
8.093315685980063678e-01
4.365415792113266358e-01
1.882551398245998781e-03
