9.699244064360822426e-01
5.453150176921428560e-01
2.311731813927750401e-01
1.999092736377431068e-01
5.143753572673332997e-01
2.998948753001520195e-01
5.036124152039997970e-01
3.352296324073562594e-01
5.214419828436588356e-01
6.555899617591350870e-01
5.120479163556619362e-01
3.235554584961353175e-01
3.037824351682499313e-01
2.673403365313903324e-01
3.169879054240464233e-01
7.103602592607665134e-01
4.010711618625292241e-01
7.035261870532084627e-01
6.402676738765065156e-01
5.823332442452742175e-01
7.262636863879999849e-01
2.639540856791184331e-01
2.600514196702617409e-01
5.925449510646570994e-01
2.624692822489689270e-01
3.956941836142070512e-01
3.752486092208084933e-01
5.873316768724012871e-01
3.878473523786863386e-01
5.817297051026507626e-01
5.270714741902147171e-01
8.902804613680004309e-01
4.550222223803839228e-01
1.520904058741161802e-01
2.745978754579123660e-01
3.985349952093718562e-01
4.893510848228325716e-01
8.302825776789999335e-01
7.016769529228081836e-01
6.191359542371787095e-01
7.907571614939997717e-01
7.900790270758405454e-01
4.188727180292700081e-01
8.121807710958485194e-01
8.093315685980063678e-01
4.365415792113266358e-01
