7.844064414149999998e+00 9.699244064369999530e-01 4.492478842639999886e-02 1.000000000000000000e+00
7.320182476630000323e+00 5.453150176929999482e-01 1.131411868200000032e-01 4.000000000000000000e+00
7.803452118580000096e+00 2.715287122069999781e-01 5.675099122050000083e-02 1.000000000000000000e+00
8.205764613030000376e+00 2.066469267530000042e-01 3.045320728090000206e-01 3.000000000000000000e+00
7.804112711880000219e+00 4.682315978909999954e-01 8.715736773319999742e-01 1.000000000000000000e+00
7.462876732529999835e+00 2.379564944189999920e-01 1.454345521179999934e-01 1.000000000000000000e+00
7.608858757190000155e+00 5.036124152040000190e-01 6.864445582760000386e-01 4.000000000000000000e+00
7.577680762239999979e+00 3.352296324069999889e-01 3.140275797059999818e-01 1.000000000000000000e+00
8.037431984659999529e+00 5.021083414429999836e-01 8.949222069510000266e-02 3.000000000000000000e+00
7.989026330659999786e+00 7.783204533149999937e-01 8.876287964040000533e-01 1.000000000000000000e+00
8.766330558179999954e+00 5.427690488609999697e-01 2.608566814759999963e-01 1.000000000000000000e+00
9.582772522280000871e+00 1.136548923890000062e-01 4.670761054879999929e-01 3.000000000000000000e+00
8.042857513439999551e+00 3.993206448009999909e-01 5.119496169070000269e-01 3.000000000000000000e+00
7.857107907859999685e+00 2.900308053869999902e-01 7.304635061549999420e-02 2.000000000000000000e+00
7.697569688099999752e+00 3.169879054240000160e-01 2.994278723709999923e-01 1.000000000000000000e+00
8.236440379859999439e+00 7.654639337459999693e-01 4.894658831140000221e-01 2.000000000000000000e+00
7.825105715580000343e+00 4.297368675350000111e-01 1.186604150930000018e-01 1.000000000000000000e+00
7.555698341570000309e+00 7.040054655370000525e-01 1.126927175520000102e+00 2.000000000000000000e+00
8.145350006510000185e+00 7.207633837369999963e-01 2.090969028140000074e-01 2.000000000000000000e+00
7.565984565329999967e+00 6.348087648039999475e-01 4.821156546070000104e-01 1.000000000000000000e+00
7.316440409790000210e+00 7.262636863879999849e-01 2.314525727619999862e-01 4.000000000000000000e+00
9.478643482420000765e+00 2.914294265610000156e-01 7.289699828169999840e-01 4.000000000000000000e+00
9.094216016129999858e+00 3.242949323930000016e-01 6.945010715439999816e-01 1.000000000000000000e+00
8.382486841400000444e+00 5.286224841279999476e-01 1.306656695240000055e+00 1.000000000000000000e+00
7.966372600549999738e+00 4.265628830309999842e-01 1.490781402559999969e-01 2.000000000000000000e+00
8.214629430009999567e+00 4.622279226639999794e-01 9.976904788660000412e-01 4.000000000000000000e+00
7.610773048649999595e+00 3.752486092210000068e-01 6.819471374459999957e-01 2.000000000000000000e+00
8.275360197919999550e+00 6.535273141430000265e-01 2.764930427100000254e-01 1.000000000000000000e+00
7.683935732930000206e+00 3.242343883830000051e-01 6.046412995600000118e-01 1.000000000000000000e+00
7.678397156539999990e+00 5.817297051019999499e-01 6.539427070219999694e-01 1.000000000000000000e+00
7.384160931410000295e+00 4.762864619739999861e-01 8.228238806250000037e-01 2.000000000000000000e+00
7.232797082360000296e+00 8.902804613679999868e-01 9.633157593409999997e-01 3.000000000000000000e+00
7.698286624859999705e+00 4.205236254920000083e-01 4.605686973859999811e-01 3.000000000000000000e+00
7.637709254009999782e+00 1.797732639700000135e-01 9.404241272129999774e-02 1.000000000000000000e+00
8.708630448030000082e+00 2.299796231089999976e-01 4.773997570799999868e-01 1.000000000000000000e+00
7.392980897580000210e+00 3.985349952089999870e-01 4.685588325339999916e-01 1.000000000000000000e+00
8.949813804539999751e+00 4.265154903539999931e-01 5.730100421179999959e-01 3.000000000000000000e+00
7.072683834320000251e+00 8.302825776790000445e-01 7.573771252369999596e-01 1.000000000000000000e+00
7.479996459949999732e+00 7.238509642729999971e-01 4.827307518549999732e-01 4.000000000000000000e+00
7.095544350069999950e+00 6.427451495849999530e-01 5.922381013190000099e-01 1.000000000000000000e+00
5.137097509980000254e+00 7.907571614939999938e-01 7.203208789620000330e-01 1.000000000000000000e+00
7.043872718520000298e+00 7.900790270759999734e-01 5.744783684690000225e-01 1.000000000000000000e+00
8.271113868280000503e+00 5.252640818060000383e-01 1.115543217419999955e+00 1.000000000000000000e+00
7.638800001439999932e+00 9.141199505899999522e-01 1.253152337700000063e-01 1.000000000000000000e+00
8.230747048639999619e+00 8.717630062019999793e-01 9.982907832139999993e-01 2.000000000000000000e+00
7.873255283669999827e+00 3.588960052290000036e-01 1.401872350399999967e-01 1.000000000000000000e+00
