2.274027843270000062e+02 8.821606450129999555e-01 5.359804698139999934e-02 4.000000000000000000e+00
7.844064414149999998e+00 9.699244064369999530e-01 4.492478842639999886e-02 1.000000000000000000e+00
7.320182476630000323e+00 5.453150176929999482e-01 1.131411868200000032e-01 4.000000000000000000e+00
1.313192167609999927e+01 2.387455763630000078e-03 1.147785457929999947e-02 1.000000000000000000e+00
3.217349082030000318e+01 1.456181440889999998e-02 1.065203065179999922e-02 2.000000000000000000e+00
6.985537388769999723e+01 7.258260106979999571e-02 4.896236167139999748e-03 3.000000000000000000e+00
9.632720895250000126e+01 5.630788263210000089e-02 9.872196239460000189e-03 4.000000000000000000e+00
1.548596745629999916e+01 2.300071115300000024e-01 1.271691650539999996e-01 1.000000000000000000e+00
2.119025068409999903e+02 5.654003684889999937e-01 8.785840710230000128e-02 3.000000000000000000e+00
2.097081219579999924e+02 1.201936681380000038e-01 6.080136672940000125e-02 4.000000000000000000e+00
7.803452118580000096e+00 2.715287122069999781e-01 5.675099122050000083e-02 1.000000000000000000e+00
2.898015436109999996e+02 6.973119643790000044e-01 7.964907787580000065e-02 4.000000000000000000e+00
9.919937200969999935e+01 3.582946274259999897e-01 1.906459631649999875e-01 1.000000000000000000e+00
8.205764613030000376e+00 2.066469267530000042e-01 3.045320728090000206e-01 3.000000000000000000e+00
7.804112711880000219e+00 4.682315978909999954e-01 8.715736773319999742e-01 1.000000000000000000e+00
1.995241691049999986e+02 1.274314788489999961e-01 2.123149469170000081e-01 2.000000000000000000e+00
1.314064547899999980e+01 1.314646089260000043e-03 1.182638139220000030e-02 1.000000000000000000e+00
3.150956145549999832e+01 1.233404954340000005e-02 8.397290049649999352e-03 2.000000000000000000e+00
6.982562339470000268e+01 5.001651289279999968e-02 3.449012811280000208e-03 3.000000000000000000e+00
8.859529027070000495e+01 7.737481359700000560e-02 5.827127361250000054e-03 4.000000000000000000e+00
7.462876732529999835e+00 2.379564944189999920e-01 1.454345521179999934e-01 1.000000000000000000e+00
3.630943109379999783e+02 8.021417700309999566e-01 2.089623650419999978e-01 3.000000000000000000e+00
1.619180026589999954e+02 6.252374826180000511e-01 1.496690425830000115e-01 3.000000000000000000e+00
1.313427817440000034e+01 2.054506004919999951e-03 1.412246719320000080e-02 1.000000000000000000e+00
3.181995894510000156e+01 1.511976476929999952e-02 6.934223600510000009e-03 2.000000000000000000e+00
7.030429004079999800e+01 9.396974042000000304e-02 1.012998317820000028e-02 3.000000000000000000e+00
9.152150735390000591e+01 6.303336762160000051e-02 9.360014170590000293e-03 4.000000000000000000e+00
1.314455361199999928e+01 2.192774770720000172e-03 9.869165766690000605e-03 1.000000000000000000e+00
3.136957615569999902e+01 2.337896873610000037e-02 1.455030796809999964e-02 2.000000000000000000e+00
6.822259180749999530e+01 5.785465104129999814e-02 1.434284449310000049e-02 3.000000000000000000e+00
9.198847376720000568e+01 6.583926841239999550e-02 1.251139657929999961e-02 4.000000000000000000e+00
1.314650930820000063e+01 1.901831228749999939e-03 1.117179874020000040e-02 1.000000000000000000e+00
3.139191105909999990e+01 7.807364171129999725e-03 1.114518768549999962e-02 2.000000000000000000e+00
7.021178670579999448e+01 8.102718653540000315e-02 1.139168325570000077e-02 3.000000000000000000e+00
9.279332387869999366e+01 4.760515526089999921e-02 1.021368296610000032e-02 4.000000000000000000e+00
7.608858757190000155e+00 5.036124152040000190e-01 6.864445582760000386e-01 4.000000000000000000e+00
1.315049699429999919e+01 1.143214536969999967e-03 1.013631926770000059e-02 1.000000000000000000e+00
3.245620095329999799e+01 1.559421194600000074e-02 7.144816638799999890e-03 2.000000000000000000e+00
7.091105890439999371e+01 6.771953798829999371e-02 2.925790736570000033e-03 3.000000000000000000e+00
9.737489320199999554e+01 7.506715584789999673e-02 3.297419753949999872e-03 4.000000000000000000e+00
1.313272056619999972e+01 1.957383461520000208e-03 1.516897580210000047e-02 1.000000000000000000e+00
3.198753643359999899e+01 5.107197021269999603e-03 1.108716280080000033e-03 2.000000000000000000e+00
6.802023230700000056e+01 7.567274306540000550e-02 8.547470792770000408e-03 3.000000000000000000e+00
8.922671719619999919e+01 5.173882516830000111e-02 7.696173518230000309e-03 4.000000000000000000e+00
1.313891706150000083e+01 2.158680831339999939e-03 1.517781881100000070e-02 1.000000000000000000e+00
3.164103490009999931e+01 1.168354037159999997e-02 2.203692972549999886e-03 2.000000000000000000e+00
6.959755082590000086e+01 8.500414366439999758e-02 1.066692211680000078e-02 3.000000000000000000e+00
9.073763346200000512e+01 5.007937107999999721e-02 1.084188539819999977e-02 4.000000000000000000e+00
7.577680762239999979e+00 3.352296324069999889e-01 3.140275797059999818e-01 1.000000000000000000e+00
7.138178334820000259e+01 2.485388956819999939e-01 1.927272514839999951e-01 2.000000000000000000e+00
8.037431984659999529e+00 5.021083414429999836e-01 8.949222069510000266e-02 3.000000000000000000e+00
7.989026330659999786e+00 7.783204533149999937e-01 8.876287964040000533e-01 1.000000000000000000e+00
1.037108919060000005e+02 3.603113714289999936e-01 2.893567574190000213e-01 4.000000000000000000e+00
8.766330558179999954e+00 5.427690488609999697e-01 2.608566814759999963e-01 1.000000000000000000e+00
1.760639654629999882e+02 5.562512518139999668e-02 1.311724472059999994e-02 3.000000000000000000e+00
6.984152355480000551e+01 1.432988185309999885e-01 9.434951021260000459e-02 4.000000000000000000e+00
3.380718098839999897e+01 3.537676596409999874e-01 3.318460010020000128e-01 1.000000000000000000e+00
9.582772522280000871e+00 1.136548923890000062e-01 4.670761054879999929e-01 3.000000000000000000e+00
1.313802203470000052e+01 2.434244422239999813e-03 8.719317777160000282e-03 1.000000000000000000e+00
3.169206503139999853e+01 1.381037073900000071e-02 3.474370417199999870e-03 2.000000000000000000e+00
6.967749423450000279e+01 8.858541953079999975e-02 1.394064096900000070e-02 3.000000000000000000e+00
9.096389116630000160e+01 4.926439137579999988e-02 1.542052677429999949e-02 4.000000000000000000e+00
7.315238932280000483e+01 9.135882486309999939e-02 1.298258468629999995e-01 1.000000000000000000e+00
8.042857513439999551e+00 3.993206448009999909e-01 5.119496169070000269e-01 3.000000000000000000e+00
1.592081500900000002e+01 3.787467222759999808e-01 5.122535077830000505e-01 1.000000000000000000e+00
1.313514829670000061e+01 1.303599500679999967e-01 9.108844403420000152e-03 1.000000000000000000e+00
3.206204847939999780e+01 7.194215335440000414e-02 2.004578880050000150e-02 2.000000000000000000e+00
7.839089117269999463e+01 7.159090379530000381e-02 7.955338073730000570e-03 3.000000000000000000e+00
7.857107907859999685e+00 2.900308053869999902e-01 7.304635061549999420e-02 2.000000000000000000e+00
2.333370273390000023e+02 5.908242219549999508e-01 1.382049451310000121e-01 3.000000000000000000e+00
2.066574306329999899e+02 2.827593029320000229e-01 1.259589057249999866e-01 4.000000000000000000e+00
4.858646859710000143e+01 6.465004077260000370e-01 2.577309502590000023e-01 3.000000000000000000e+00
1.314738722859999953e+01 1.477059823190000074e-03 1.043540855410000044e-02 1.000000000000000000e+00
3.243434312920000195e+01 1.064117209509999988e-02 5.862046298620000352e-03 2.000000000000000000e+00
6.626551979270000459e+01 9.485391891250000151e-02 1.134641799809999949e-02 3.000000000000000000e+00
9.381375329910000005e+01 2.002288895600000049e-02 6.059039824110000298e-03 4.000000000000000000e+00
2.703434981569999991e+02 5.588841591880000514e-01 2.890271442180000205e-01 3.000000000000000000e+00
7.697569688099999752e+00 3.169879054240000160e-01 2.994278723709999923e-01 1.000000000000000000e+00
1.019755506559999958e+01 1.830572608140000057e-01 5.301868304679999699e-01 2.000000000000000000e+00
3.480232173960000353e+01 2.413743022089999968e-01 1.494723957840000117e-01 3.000000000000000000e+00
1.928580159070000093e+02 3.782208148890000010e-01 2.235678980989999898e-01 4.000000000000000000e+00
8.236440379859999439e+00 7.654639337459999693e-01 4.894658831140000221e-01 2.000000000000000000e+00
7.122666133810000133e+01 4.867546889800000165e-01 2.246269672049999999e-01 3.000000000000000000e+00
7.825105715580000343e+00 4.297368675350000111e-01 1.186604150930000018e-01 1.000000000000000000e+00
1.155901960940000066e+02 1.582818159740000119e-01 1.307481977630000070e-01 4.000000000000000000e+00
1.315771018819999938e+01 1.481976562349999983e-03 8.597742397359999303e-03 1.000000000000000000e+00
3.252277549299999748e+01 2.317538964110000058e-02 1.197461017319999960e-02 2.000000000000000000e+00
7.092648286860000439e+01 5.795072437289999767e-02 9.918221582750000667e-03 3.000000000000000000e+00
9.711371455559999788e+01 8.494529899029999720e-02 1.054626690979999955e-02 4.000000000000000000e+00
2.740365340450000176e+01 7.168349643100000446e-01 4.039616970270000218e-01 2.000000000000000000e+00
1.313196086159999965e+01 2.549343625569999803e-03 6.654579105059999639e-03 1.000000000000000000e+00
3.207900002280000251e+01 1.318331796470000039e-02 3.625635891199999964e-03 2.000000000000000000e+00
6.709631656269999667e+01 6.466837706599999624e-02 7.850511402139999373e-03 3.000000000000000000e+00
9.024816344430000470e+01 6.892544286219999539e-02 9.897029358939999147e-03 4.000000000000000000e+00
1.313311837680000060e+01 2.114595120259999805e-03 2.910967458459999980e-03 1.000000000000000000e+00
3.191288886550000115e+01 1.240046867350000012e-02 1.536885037689999980e-03 2.000000000000000000e+00
6.756236208270000532e+01 6.917601774230000555e-02 2.120088433600000096e-03 3.000000000000000000e+00
9.129761286049999569e+01 5.898567400129999666e-02 1.198324691259999939e-03 4.000000000000000000e+00
1.313938683269999963e+01 1.916804866699999997e-03 2.180680597300000204e-03 1.000000000000000000e+00
3.161608450800000014e+01 1.449446715589999997e-02 5.638359376970000260e-03 2.000000000000000000e+00
6.878432901540000444e+01 5.810710065520000023e-02 3.175443840840000073e-03 3.000000000000000000e+00
8.980352893159999894e+01 6.704073190499999779e-02 4.334424438220000134e-03 4.000000000000000000e+00
7.555698341570000309e+00 7.040054655370000525e-01 1.126927175520000102e+00 2.000000000000000000e+00
4.618474453179999841e+02 2.519313472179999791e-01 1.972035405989999990e-01 4.000000000000000000e+00
1.030632278030000037e+02 1.150615337839999974e-01 3.297634172639999917e-01 1.000000000000000000e+00
8.145350006510000185e+00 7.207633837369999963e-01 2.090969028140000074e-01 2.000000000000000000e+00
1.313684290780000019e+01 2.824696209759999972e-03 1.873160700429999867e-02 1.000000000000000000e+00
3.171923336929999948e+01 1.072665981459999980e-02 3.120834788499999950e-03 2.000000000000000000e+00
6.915274016889999587e+01 8.621644623749999403e-02 1.023315190649999942e-02 3.000000000000000000e+00
8.943161282529999312e+01 4.869883038790000229e-02 1.303279965939999931e-02 4.000000000000000000e+00
7.565984565329999967e+00 6.348087648039999475e-01 4.821156546070000104e-01 1.000000000000000000e+00
3.088922769210000183e+02 5.504959369080000275e-01 1.393739684749999985e-01 3.000000000000000000e+00
7.654830559239999843e+01 7.664858867560000455e-01 3.290394423469999996e-01 2.000000000000000000e+00
7.316440409790000210e+00 7.262636863879999849e-01 2.314525727619999862e-01 4.000000000000000000e+00
3.651676874359999658e+01 2.418958856840000005e-01 1.535305430560000017e-01 1.000000000000000000e+00
9.478643482420000765e+00 2.914294265610000156e-01 7.289699828169999840e-01 4.000000000000000000e+00
3.204825187690000234e+02 8.818250856170000151e-01 3.032633431810000113e-01 3.000000000000000000e+00
1.314694882869999937e+01 2.279513319150000203e-03 1.453481194460000056e-02 1.000000000000000000e+00
3.238075091679999673e+01 1.064045708370000079e-02 1.311210362089999977e-02 2.000000000000000000e+00
6.891888133649999304e+01 8.467704393979999522e-02 1.284545449319999914e-02 3.000000000000000000e+00
8.804133716229999607e+01 4.143986110959999719e-02 1.293484525670000017e-02 4.000000000000000000e+00
9.094216016129999858e+00 3.242949323930000016e-01 6.945010715439999816e-01 1.000000000000000000e+00
4.723034651159999697e+01 2.172286740169999952e-01 6.616231839979999640e-02 4.000000000000000000e+00
8.382486841400000444e+00 5.286224841279999476e-01 1.306656695240000055e+00 1.000000000000000000e+00
6.192662826929999653e+01 4.266768845730000148e-01 1.282227372099999929e-01 2.000000000000000000e+00
7.966372600549999738e+00 4.265628830309999842e-01 1.490781402559999969e-01 2.000000000000000000e+00
1.292034662510000089e+02 7.571282410359999604e-01 5.605029501249999546e-01 3.000000000000000000e+00
4.616587244160000125e+01 7.526522264030000020e-01 4.334750649969999758e-02 1.000000000000000000e+00
3.941667216519999783e+01 4.582442114449999937e-01 2.350983662410000008e-01 3.000000000000000000e+00
1.314537676770000019e+01 1.843566420000000098e-03 1.942285187679999858e-02 1.000000000000000000e+00
3.131982920549999960e+01 2.276373538260000051e-02 2.816478323380000159e-03 2.000000000000000000e+00
6.849672061939999423e+01 7.433215069109999629e-02 1.171487929830000024e-02 3.000000000000000000e+00
9.261242300819999684e+01 7.790603003859999931e-02 9.244105509699999945e-03 4.000000000000000000e+00
8.694767807360000234e+01 1.752152955999999873e-01 1.729315076720000163e-02 1.000000000000000000e+00
8.214629430009999567e+00 4.622279226639999794e-01 9.976904788660000412e-01 4.000000000000000000e+00
7.610773048649999595e+00 3.752486092210000068e-01 6.819471374459999957e-01 2.000000000000000000e+00
8.275360197919999550e+00 6.535273141430000265e-01 2.764930427100000254e-01 1.000000000000000000e+00
7.216003762420000101e+01 2.754643977799999810e-01 4.912339567349999908e-02 2.000000000000000000e+00
8.404879552549999744e+01 5.358144387419999655e-01 3.042795671540000080e-01 4.000000000000000000e+00
4.547922537439999928e+02 4.426769891799999801e-01 1.861459666239999866e-01 2.000000000000000000e+00
1.314440842049999958e+01 2.041714838420000122e-03 1.434826329789999980e-02 1.000000000000000000e+00
3.146715424290000129e+01 1.143312836550000079e-02 1.358377948110000080e-02 2.000000000000000000e+00
6.915088932720000514e+01 8.209901563459999496e-02 1.241106727799999934e-02 3.000000000000000000e+00
9.094179721810000672e+01 5.275814962940000158e-02 1.575538080400000138e-02 4.000000000000000000e+00
1.313299642800000022e+01 2.547599982890000076e-03 1.097669063400000082e-02 1.000000000000000000e+00
3.222129161059999802e+01 1.571243911599999946e-02 7.127633675500000092e-03 2.000000000000000000e+00
7.004597946929999353e+01 5.828832381810000046e-02 1.245512329299999950e-02 3.000000000000000000e+00
9.705517418040000166e+01 7.969550988489999821e-02 1.397471175140000028e-02 4.000000000000000000e+00
2.785292202730000000e+01 8.675518755250000158e-01 4.188174243130000085e-01 1.000000000000000000e+00
2.319676589219999983e+02 4.037227503220000013e-01 1.892020453730000051e-01 4.000000000000000000e+00
1.353202459890000000e+02 6.764459541159999478e-01 5.351621514800000146e-01 4.000000000000000000e+00
1.560692441890000026e+01 2.389749219629999921e-01 2.159343903909999862e-01 1.000000000000000000e+00
2.744658654830000089e+01 4.501929236080000063e-01 1.059788029050000024e-01 1.000000000000000000e+00
1.315306820490000028e+01 1.999909478600000144e-03 4.273132091789999878e-03 1.000000000000000000e+00
3.246587257990000097e+01 3.260237136170000133e-02 8.897368098160000210e-03 2.000000000000000000e+00
6.622998260709999840e+01 5.703622710839999915e-02 2.490888038649999997e-03 3.000000000000000000e+00
9.495244210459999579e+01 8.715518443769999790e-02 4.895694921619999848e-03 4.000000000000000000e+00
1.314070637140000031e+01 2.164596225349999913e-03 1.100025951999999974e-02 1.000000000000000000e+00
3.157846005680000090e+01 1.540798419090000024e-02 1.208360947980000044e-02 2.000000000000000000e+00
6.867760632750000127e+01 3.649129182670000221e-02 9.137070229540000463e-03 3.000000000000000000e+00
9.338995252629999300e+01 8.394252336879999554e-02 1.127505754990000032e-02 4.000000000000000000e+00
9.074824661190000086e+01 5.430424831419999876e-01 3.413725022579999768e-01 3.000000000000000000e+00
3.440933155009999922e+01 7.733317096909999577e-01 1.506695558760000053e-01 2.000000000000000000e+00
1.313307361899999925e+01 2.093017141579999862e-03 1.014519388959999983e-02 1.000000000000000000e+00
3.191545992140000010e+01 7.550708361050000386e-03 7.311946850379999648e-03 2.000000000000000000e+00
6.697999495729999353e+01 6.265323299670000345e-02 4.367197909759999719e-03 3.000000000000000000e+00
9.067894310249999990e+01 6.860630177179999345e-02 1.831875683379999894e-03 4.000000000000000000e+00
1.313881841919999971e+01 2.051227019449999855e-03 1.531871665070000041e-02 1.000000000000000000e+00
3.161579866090000124e+01 1.654436474290000084e-02 1.561920325549999954e-02 2.000000000000000000e+00
6.764340583519999939e+01 6.890942865700000475e-02 8.934723838600000523e-03 3.000000000000000000e+00
9.067619886570000176e+01 6.033956334710000036e-02 5.869253923379999689e-03 4.000000000000000000e+00
7.683935732930000206e+00 3.242343883830000051e-01 6.046412995600000118e-01 1.000000000000000000e+00
2.117536742700000048e+02 7.556651074710000193e-01 5.278305971350000236e-01 3.000000000000000000e+00
7.678397156539999990e+00 5.817297051019999499e-01 6.539427070219999694e-01 1.000000000000000000e+00
7.384160931410000295e+00 4.762864619739999861e-01 8.228238806250000037e-01 2.000000000000000000e+00
1.100011738019999967e+02 1.532209583570000033e-01 7.668182819150000384e-02 4.000000000000000000e+00
4.312624457769999964e+01 1.978620636539999977e-01 4.756498070569999959e-01 3.000000000000000000e+00
7.232797082360000296e+00 8.902804613679999868e-01 9.633157593409999997e-01 3.000000000000000000e+00
7.938430613120000601e+01 5.535550688670000108e-01 2.149816686090000040e-01 2.000000000000000000e+00
2.683898498859999791e+02 4.083634084530000236e-02 2.626012696300000226e-01 4.000000000000000000e+00
1.314510677520000037e+01 1.907669635470000047e-03 9.679548450360000653e-03 1.000000000000000000e+00
3.134311006580000125e+01 2.450255336280000168e-02 7.292862726309999773e-03 2.000000000000000000e+00
6.819122982739999372e+01 7.222908589630000487e-02 1.156088991079999920e-02 3.000000000000000000e+00
9.253935993940000060e+01 7.371127935259999542e-02 1.302734991750000015e-02 4.000000000000000000e+00
7.698286624859999705e+00 4.205236254920000083e-01 4.605686973859999811e-01 3.000000000000000000e+00
3.728450361160000170e+02 6.534707104620000040e-01 9.870479168540000070e-02 4.000000000000000000e+00
7.637709254009999782e+00 1.797732639700000135e-01 9.404241272129999774e-02 1.000000000000000000e+00
4.189227615030000038e+02 6.136376452730000208e-01 9.492656212979999619e-02 2.000000000000000000e+00
8.708630448030000082e+00 2.299796231089999976e-01 4.773997570799999868e-01 1.000000000000000000e+00
5.796936069129999680e+01 1.413904141150000016e-01 1.178457369979999947e-01 4.000000000000000000e+00
1.313499496440000058e+01 1.794656785889999938e-03 1.179448413539999942e-02 1.000000000000000000e+00
3.180951340089999846e+01 1.500154508870000028e-02 9.608503332989999299e-03 2.000000000000000000e+00
6.917192244619999997e+01 5.173717564420000220e-02 6.319934364710000189e-03 3.000000000000000000e+00
8.927360963659999982e+01 7.197471528790000406e-02 5.892101371820000419e-03 4.000000000000000000e+00
1.314596137220000038e+01 2.307473215239999858e-03 1.756923337279999928e-02 1.000000000000000000e+00
3.135047177459999901e+01 1.479555472409999940e-02 1.085740038100000034e-02 2.000000000000000000e+00
6.832941189189999420e+01 4.736203153310000052e-02 1.088110475810000026e-02 3.000000000000000000e+00
9.421779017410000279e+01 8.164299192710000597e-02 1.284882286399999934e-02 4.000000000000000000e+00
9.004069138309999687e+01 6.188790673940000042e-01 6.097159228559999589e-01 3.000000000000000000e+00
7.392980897580000210e+00 3.985349952089999870e-01 4.685588325339999916e-01 1.000000000000000000e+00
4.129531221429999732e+01 1.955763114940000102e-01 1.039424545869999938e-01 1.000000000000000000e+00
8.949813804539999751e+00 4.265154903539999931e-01 5.730100421179999959e-01 3.000000000000000000e+00
1.314258243189999860e+02 6.609409508479999751e-01 3.197247334000000163e-01 3.000000000000000000e+00
7.072683834320000251e+00 8.302825776790000445e-01 7.573771252369999596e-01 1.000000000000000000e+00
4.189077736030000096e+02 8.153711268279999480e-01 1.368751620910000077e-01 1.000000000000000000e+00
7.479996459949999732e+00 7.238509642729999971e-01 4.827307518549999732e-01 4.000000000000000000e+00
7.095544350069999950e+00 6.427451495849999530e-01 5.922381013190000099e-01 1.000000000000000000e+00
1.766036566580000056e+02 4.929638571400000169e-01 1.191437456109999959e-01 2.000000000000000000e+00
5.137097509980000254e+00 7.907571614939999938e-01 7.203208789620000330e-01 1.000000000000000000e+00
7.043872718520000298e+00 7.900790270759999734e-01 5.744783684690000225e-01 1.000000000000000000e+00
8.271113868280000503e+00 5.252640818060000383e-01 1.115543217419999955e+00 1.000000000000000000e+00
9.293222412590000658e+01 2.321906142160000130e-01 2.832152944940000139e-01 2.000000000000000000e+00
7.638800001439999932e+00 9.141199505899999522e-01 1.253152337700000063e-01 1.000000000000000000e+00
1.258290138490000061e+02 3.580869640780000029e-01 3.764511191409999902e-01 4.000000000000000000e+00
8.230747048639999619e+00 8.717630062019999793e-01 9.982907832139999993e-01 2.000000000000000000e+00
5.537415464179999702e+01 3.084300091800000199e-01 4.033703329350000200e-01 4.000000000000000000e+00
7.873255283669999827e+00 3.588960052290000036e-01 1.401872350399999967e-01 1.000000000000000000e+00
1.477710975599999870e+02 5.576683889169999908e-01 1.048660301869999978e-01 4.000000000000000000e+00
1.313521779589999916e+01 1.602698377179999963e-03 1.805727619160000033e-02 1.000000000000000000e+00
3.173249289609999835e+01 1.109648866109999923e-02 5.364017794690000007e-03 2.000000000000000000e+00
6.977818610020000278e+01 4.874908638819999696e-02 7.788937160700000299e-03 3.000000000000000000e+00
9.573906021439999847e+01 8.048997068860000437e-02 5.323879084659999608e-03 4.000000000000000000e+00
5.413236212740000042e+01 5.528641614189999665e-01 6.509617182809999958e-02 3.000000000000000000e+00
