7.690028556859999753e+00 4.582326426910000028e-01 4.387064517429999921e-01 1.000000000000000000e+00
7.493576189959999745e+00 2.877087174869999986e-01 5.511265633249999851e-01 1.000000000000000000e+00
7.417139786449999939e+00 6.908419762930000374e-01 1.296146716970000001e-01 3.000000000000000000e+00
7.223239195159999682e+00 7.331879943779999742e-01 7.239973562429999898e-01 1.000000000000000000e+00
7.418871993389999808e+00 8.509159677390000232e-01 4.581908500719999999e-01 1.000000000000000000e+00
6.946612263309999591e+00 8.989357039009999717e-01 5.407137835209999688e-01 1.000000000000000000e+00
7.602870890390000191e+00 7.524576677809999836e-01 1.098186382399999994e+00 2.000000000000000000e+00
7.504293515059999642e+00 4.355500133219999959e-01 2.157350312040000051e-01 1.000000000000000000e+00
8.865690409549999984e+00 2.040376338129999967e-01 1.142167732289999932e-01 1.000000000000000000e+00
4.441646560659999921e+01 4.105077837089999848e-01 9.410399989400000664e-02 3.000000000000000000e+00
7.287831114020000278e+00 5.893381868399999446e-01 1.005769872739999959e+00 3.000000000000000000e+00
8.139688793850000437e+00 5.907687063709999853e-01 1.893612979429999954e-01 2.000000000000000000e+00
1.315707308420000032e+01 1.420023535990000071e-03 1.167508233679999917e-02 1.000000000000000000e+00
3.246565966579999696e+01 1.105269609730000040e-02 1.061332971060000019e-02 2.000000000000000000e+00
6.482226343759999843e+00 7.379268049920000294e-01 3.684841965790000007e-01 2.000000000000000000e+00
7.444233692560000115e+00 4.154523575379999722e-01 5.958706027949999678e-02 1.000000000000000000e+00
1.315718070660000016e+01 2.129081339490000030e-03 7.701205507849999930e-03 1.000000000000000000e+00
3.247297808599999769e+01 3.032398874630000060e-02 1.136946744639999972e-02 2.000000000000000000e+00
7.547969709340000222e+00 2.402835220910000125e-01 3.516198303029999805e-01 3.000000000000000000e+00
4.564246873750000333e+01 1.958924959399999943e-01 1.525841444280000014e-01 4.000000000000000000e+00
7.759709774930000137e+00 6.863546136729999914e-01 3.505411267099999839e-01 1.000000000000000000e+00
1.313250700130000048e+01 1.683851402179999904e-03 2.225256913229999977e-03 1.000000000000000000e+00
3.209269896029999813e+01 2.475967046189999840e-02 7.198987546690000135e-03 2.000000000000000000e+00
7.608881792320000059e+00 5.550186655890000376e-01 1.394257828440000013e+00 1.000000000000000000e+00
7.327779882229999764e+00 3.919520989640000175e-01 1.026837667489999967e-01 3.000000000000000000e+00
7.567936217479999783e+00 4.647676192690000097e-01 2.784616035929999844e-01 1.000000000000000000e+00
3.813367835220000046e+01 7.800553717699999501e-01 1.017711575999999951e-01 1.000000000000000000e+00
7.994086694219999956e+00 6.502892758189999789e-01 6.456810942039999945e-01 1.000000000000000000e+00
1.315077707060000023e+01 1.865041507250000041e-03 9.319549369699999669e-03 1.000000000000000000e+00
3.241307462310000176e+01 2.802485098020000148e-02 8.155717471899999807e-03 2.000000000000000000e+00
3.920987764419999877e+01 6.260942070589999853e-01 4.241743749549999887e-01 2.000000000000000000e+00
7.924622369999999805e+00 2.554196772310000085e-01 6.492740988349999798e-01 1.000000000000000000e+00
7.507249579069999790e+00 6.251508848950000363e-01 3.176270978619999963e-01 1.000000000000000000e+00
7.669706039550000298e+00 6.159410647599999900e-01 5.341441886300000164e-01 2.000000000000000000e+00
1.241377959439999934e+01 2.912851297019999897e-01 2.103170763059999948e-02 1.000000000000000000e+00
4.001985669769999987e+01 3.332436320430000043e-01 4.592633996939999783e-03 2.000000000000000000e+00
8.290730351800000619e+00 2.752087903259999857e-01 6.379402966260000474e-01 1.000000000000000000e+00
1.313255743170000045e+01 2.244231648879999822e-03 1.020755519750000083e-02 1.000000000000000000e+00
3.202960916419999648e+01 1.510683532080000016e-02 1.303059492850000035e-02 2.000000000000000000e+00
7.160146215170000161e+00 7.569891006979999615e-01 3.930868083399999824e-01 1.000000000000000000e+00
7.566285383890000382e+00 4.822277054199999857e-01 4.251591484489999906e-01 3.000000000000000000e+00
2.212240890769999879e+01 4.191513654390000010e-01 2.234439721439999971e-01 3.000000000000000000e+00
7.949469699189999794e+00 2.844089148300000258e-01 2.524260628209999968e-01 2.000000000000000000e+00
1.258200955869999937e+01 1.326815639499999977e-01 2.875895723079999744e-01 1.000000000000000000e+00
3.033282480089999922e+01 2.542248311379999848e-01 1.234223479099999937e-01 2.000000000000000000e+00
7.398747941619999935e+00 6.545303538769999818e-01 1.935008470269999892e-01 1.000000000000000000e+00
1.315938011649999950e+01 6.593343235309999384e-02 1.633651522160000161e-02 1.000000000000000000e+00
3.608354623150000151e+01 2.846948821049999911e-01 3.944736811979999633e-03 2.000000000000000000e+00
7.059082794660000104e+00 3.564978714759999834e-01 3.964162694819999833e-01 2.000000000000000000e+00
7.371258261989999561e+00 8.006748063999999943e-01 4.451204429689999964e-01 4.000000000000000000e+00
1.314358533539999918e+01 1.964195742019999875e-03 1.612204532960000158e-02 1.000000000000000000e+00
3.241426993059999973e+01 2.239805069030000040e-02 1.191550742339999962e-02 2.000000000000000000e+00
7.093978995349999650e+00 3.322152080469999991e-01 3.662102652509999778e-01 3.000000000000000000e+00
1.313772931049999926e+01 5.973457249300000160e-02 1.247998471269999923e-02 1.000000000000000000e+00
4.215056224319999956e+01 1.106384180300000047e-01 1.207053764599999926e-02 2.000000000000000000e+00
7.650550349869999600e+00 3.302929988080000046e-01 1.407143526369999953e-01 2.000000000000000000e+00
7.754176294159999649e+00 1.977930015940000119e-01 2.895582363040000162e-01 1.000000000000000000e+00
7.534573235739999930e+00 6.101604462799999906e-01 3.102008223009999899e-01 2.000000000000000000e+00
4.329553167430000116e+01 3.320505709050000087e-01 1.755492220629999989e-01 4.000000000000000000e+00
7.782887668119999880e+00 3.435871134199999788e-01 7.189431149349999606e-01 2.000000000000000000e+00
7.747421002670000334e+00 4.408135180089999827e-01 1.707261288030000046e-01 1.000000000000000000e+00
8.007239286569999948e+00 6.594766470199999731e-01 3.212742121209999913e-01 4.000000000000000000e+00
7.436694174190000339e+00 3.507282661080000086e-01 3.231989449800000136e-01 2.000000000000000000e+00
1.315677917280000031e+01 1.128655349479999953e-03 1.171585780770000029e-02 1.000000000000000000e+00
3.247542915100000016e+01 9.362385099130000193e-03 1.026484704130000043e-02 2.000000000000000000e+00
6.942635847470000066e+00 2.981080558449999973e-01 7.336933652170000153e-01 1.000000000000000000e+00
1.313260939439999930e+01 2.651572765189999948e-03 1.483253376400000059e-02 1.000000000000000000e+00
3.219811824960000024e+01 2.694964711209999961e-02 1.423170967039999978e-02 2.000000000000000000e+00
1.314307380019999982e+01 1.544624530560000097e-03 1.255425110479999919e-02 1.000000000000000000e+00
3.141122282770000140e+01 5.582138974659999787e-03 8.750904087800000231e-03 2.000000000000000000e+00
1.315605445889999991e+01 1.962832813280000060e-03 1.079200229559999953e-02 1.000000000000000000e+00
3.243669687029999693e+01 2.943052713030000142e-02 1.485355801069999926e-02 2.000000000000000000e+00
1.313935732839999915e+01 1.988036534410000077e-03 1.724336134219999969e-02 1.000000000000000000e+00
3.156558133320000081e+01 1.264139468280000081e-02 8.034180381309999341e-03 2.000000000000000000e+00
8.603955142969999415e+00 4.792619361020000190e-01 5.334026724310000356e-01 2.000000000000000000e+00
7.614745521719999743e+00 5.101319925749999706e-01 1.295314692579999927e-01 2.000000000000000000e+00
7.487720411949999821e+00 3.308134383910000254e-01 3.809356585720000132e-01 3.000000000000000000e+00
3.495974527429999767e+01 4.021242762089999867e-01 1.192999718479999943e-01 4.000000000000000000e+00
7.095592992870000337e+00 5.779993950809999559e-01 1.008708248919999995e-01 1.000000000000000000e+00
1.313882204739999970e+01 2.157463879020000107e-03 1.820307553850000065e-02 1.000000000000000000e+00
3.231977377860000189e+01 2.502434131520000007e-02 1.369013890990000010e-02 2.000000000000000000e+00
7.701245784090000157e+00 4.089230991450000241e-01 7.235877877899999921e-01 1.000000000000000000e+00
8.099725287840000121e+00 2.086172412270000109e-01 7.823114006300000423e-01 2.000000000000000000e+00
8.666842602339999146e+00 6.741757151669999781e-02 1.575762696449999889e-01 1.000000000000000000e+00
7.802607101100000442e+00 2.191848039550000071e-01 7.810828417339999996e-01 4.000000000000000000e+00
7.556229802819999897e+00 5.519196453569999994e-01 3.071996469589999834e-01 2.000000000000000000e+00
7.456592796259999822e+00 4.898975140199999800e-01 3.386322833479999961e-01 2.000000000000000000e+00
4.493887366410000084e+01 8.684401165470000405e-01 4.158749603099999859e-01 4.000000000000000000e+00
8.368487721390000189e+00 4.558528191669999896e-01 2.562417369269999745e-01 1.000000000000000000e+00
8.035036575799999525e+00 4.694111539999999971e-01 3.135908502879999893e-01 4.000000000000000000e+00
1.314123749230000016e+01 1.837731511770000076e-03 1.023462613260000056e-02 1.000000000000000000e+00
3.150835653769999922e+01 1.710994895850000141e-02 1.604716086559999921e-02 2.000000000000000000e+00
1.313807466999999995e+01 1.201280596859999892e-03 1.716697554990000152e-02 1.000000000000000000e+00
3.161485008000000008e+01 2.043980375539999894e-02 1.106425226359999958e-02 2.000000000000000000e+00
1.314280536429999913e+01 5.561295117040000041e-02 1.481746161270000063e-02 1.000000000000000000e+00
3.248297207750000126e+01 1.377589646879999984e-02 6.506587574910000123e-03 2.000000000000000000e+00
8.731633688029999618e+00 1.871981982519999865e-01 6.166055541439999788e-01 1.000000000000000000e+00
4.830528997689999926e+01 4.022274055230000145e-01 4.081384701779999791e-01 4.000000000000000000e+00
8.603815395510000741e+00 6.082726833970000246e-01 4.672152054270000132e-01 1.000000000000000000e+00
8.529160542899999697e+00 4.606070368829999762e-01 2.274927998800000128e-01 1.000000000000000000e+00
7.729421469810000112e+00 8.853180041529999655e-02 5.569796388269999676e-01 1.000000000000000000e+00
8.337584589580000483e+00 5.056758797510000347e-01 1.534162508920000056e-01 2.000000000000000000e+00
1.314420008829999986e+01 2.271978175409999912e-03 1.275465911540000011e-02 1.000000000000000000e+00
3.144115709189999919e+01 1.849923249329999894e-02 1.202687127220000013e-02 2.000000000000000000e+00
7.587232377270000327e+00 9.113315691219999737e-01 1.003810668929999927e+00 1.000000000000000000e+00
8.315057625630000615e+00 2.350786783290000070e-01 4.359895957869999727e-01 1.000000000000000000e+00
1.313459444519999941e+01 2.079521062199999899e-03 4.060149462080000007e-03 1.000000000000000000e+00
3.180847129489999858e+01 1.127935685470000081e-02 4.089495613759999704e-03 2.000000000000000000e+00
7.907899458860000230e+00 2.858156346290000038e-01 8.969678023549999546e-01 1.000000000000000000e+00
3.854531773450000287e+01 5.777464186009999558e-01 2.487364494029999928e-01 4.000000000000000000e+00
6.353087934740000442e+00 5.334949707730000101e-01 6.914759339880000022e-01 1.000000000000000000e+00
8.115429707789999725e+00 1.033781996250000002e-01 2.880943904909999964e-01 2.000000000000000000e+00
