7.690028556859999753e+00 4.582326426910000028e-01 4.387064517429999921e-01 1.000000000000000000e+00
2.195246309810000014e+02 5.498937410209999710e-01 3.634027486659999751e-01 2.000000000000000000e+00
7.493576189959999745e+00 2.877087174869999986e-01 5.511265633249999851e-01 1.000000000000000000e+00
1.803920380639999905e+02 1.576350133340000126e-01 1.288947973300000049e-01 3.000000000000000000e+00
1.331541176629999939e+02 3.178226878939999778e-01 2.011315695829999917e-01 2.000000000000000000e+00
7.417139786449999939e+00 6.908419762930000374e-01 1.296146716970000001e-01 3.000000000000000000e+00
2.782108199310000032e+02 3.233977061880000115e-01 9.028089368019999450e-02 4.000000000000000000e+00
7.223239195159999682e+00 7.331879943779999742e-01 7.239973562429999898e-01 1.000000000000000000e+00
7.418871993389999808e+00 8.509159677390000232e-01 4.581908500719999999e-01 1.000000000000000000e+00
6.946612263309999591e+00 8.989357039009999717e-01 5.407137835209999688e-01 1.000000000000000000e+00
7.602870890390000191e+00 7.524576677809999836e-01 1.098186382399999994e+00 2.000000000000000000e+00
8.529206449839999493e+01 5.342243802249999618e-01 4.335893869290000091e-01 4.000000000000000000e+00
1.431272665019999977e+02 5.439370239030000276e-01 1.167389042560000034e-01 1.000000000000000000e+00
7.504293515059999642e+00 4.355500133219999959e-01 2.157350312040000051e-01 1.000000000000000000e+00
8.865690409549999984e+00 2.040376338129999967e-01 1.142167732289999932e-01 1.000000000000000000e+00
1.902857171969999968e+02 1.225175061640000063e-01 3.633399395539999716e-02 2.000000000000000000e+00
4.441646560659999921e+01 4.105077837089999848e-01 9.410399989400000664e-02 3.000000000000000000e+00
3.577877304630000026e+02 6.823558885880000313e-02 1.441896360830000057e-01 2.000000000000000000e+00
7.287831114020000278e+00 5.893381868399999446e-01 1.005769872739999959e+00 3.000000000000000000e+00
1.128919713629999961e+02 2.356636804039999866e-01 3.558060164779999757e-01 4.000000000000000000e+00
8.139688793850000437e+00 5.907687063709999853e-01 1.893612979429999954e-01 2.000000000000000000e+00
7.301061506390000488e+01 3.098695996920000084e-01 1.643718471170000084e-01 3.000000000000000000e+00
1.315707308420000032e+01 1.420023535990000071e-03 1.167508233679999917e-02 1.000000000000000000e+00
3.246565966579999696e+01 1.105269609730000040e-02 1.061332971060000019e-02 2.000000000000000000e+00
6.548606460909999782e+01 8.651154599230000131e-02 1.048332510890000006e-02 3.000000000000000000e+00
9.080591075920000321e+01 5.699852255119999822e-02 1.112425985329999929e-02 4.000000000000000000e+00
6.482226343759999843e+00 7.379268049920000294e-01 3.684841965790000007e-01 2.000000000000000000e+00
7.670346634880000636e+01 5.292095904939999595e-01 1.222517217240000065e-01 3.000000000000000000e+00
7.444233692560000115e+00 4.154523575379999722e-01 5.958706027949999678e-02 1.000000000000000000e+00
1.315718070660000016e+01 2.129081339490000030e-03 7.701205507849999930e-03 1.000000000000000000e+00
3.247297808599999769e+01 3.032398874630000060e-02 1.136946744639999972e-02 2.000000000000000000e+00
6.738426540800000453e+01 5.504243881100000235e-02 1.034422121170000021e-02 3.000000000000000000e+00
9.038331756210000378e+01 6.916490609559999836e-02 4.631159566919999804e-03 4.000000000000000000e+00
7.547969709340000222e+00 2.402835220910000125e-01 3.516198303029999805e-01 3.000000000000000000e+00
4.564246873750000333e+01 1.958924959399999943e-01 1.525841444280000014e-01 4.000000000000000000e+00
7.759709774930000137e+00 6.863546136729999914e-01 3.505411267099999839e-01 1.000000000000000000e+00
1.366053955700000131e+02 4.827434009070000198e-01 2.237379500510000008e-01 3.000000000000000000e+00
1.313250700130000048e+01 1.683851402179999904e-03 2.225256913229999977e-03 1.000000000000000000e+00
3.209269896029999813e+01 2.475967046189999840e-02 7.198987546690000135e-03 2.000000000000000000e+00
6.649715055769999594e+01 6.254247004730000004e-02 6.158310425379999627e-03 3.000000000000000000e+00
9.352246589899999663e+01 7.206706078050000019e-02 7.012679673449999720e-03 4.000000000000000000e+00
7.608881792320000059e+00 5.550186655890000376e-01 1.394257828440000013e+00 1.000000000000000000e+00
3.414822566970000253e+02 5.417000129900000349e-01 3.813594826849999730e-01 2.000000000000000000e+00
7.327779882229999764e+00 3.919520989640000175e-01 1.026837667489999967e-01 3.000000000000000000e+00
7.567936217479999783e+00 4.647676192690000097e-01 2.784616035929999844e-01 1.000000000000000000e+00
3.813367835220000046e+01 7.800553717699999501e-01 1.017711575999999951e-01 1.000000000000000000e+00
7.994086694219999956e+00 6.502892758189999789e-01 6.456810942039999945e-01 1.000000000000000000e+00
1.104095321799999994e+02 3.846231328099999902e-01 1.837051737540000007e-01 4.000000000000000000e+00
1.315077707060000023e+01 1.865041507250000041e-03 9.319549369699999669e-03 1.000000000000000000e+00
3.241307462310000176e+01 2.802485098020000148e-02 8.155717471899999807e-03 2.000000000000000000e+00
6.910494738049999341e+01 4.967758521509999664e-02 1.204625708479999981e-02 3.000000000000000000e+00
8.849496326979999594e+01 8.421209038230000055e-02 1.337083983439999943e-02 4.000000000000000000e+00
3.920987764419999877e+01 6.260942070589999853e-01 4.241743749549999887e-01 2.000000000000000000e+00
7.924622369999999805e+00 2.554196772310000085e-01 6.492740988349999798e-01 1.000000000000000000e+00
2.136156588569999997e+02 3.204774606929999825e-01 3.412979377779999657e-02 3.000000000000000000e+00
7.507249579069999790e+00 6.251508848950000363e-01 3.176270978619999963e-01 1.000000000000000000e+00
3.370883303329999876e+02 5.466666761880000225e-01 4.238297629059999960e-01 4.000000000000000000e+00
7.669706039550000298e+00 6.159410647599999900e-01 5.341441886300000164e-01 2.000000000000000000e+00
1.241377959439999934e+01 2.912851297019999897e-01 2.103170763059999948e-02 1.000000000000000000e+00
4.001985669769999987e+01 3.332436320430000043e-01 4.592633996939999783e-03 2.000000000000000000e+00
8.290730351800000619e+00 2.752087903259999857e-01 6.379402966260000474e-01 1.000000000000000000e+00
7.622960832370000617e+01 1.874700148460000104e-01 5.872123439540000156e-01 4.000000000000000000e+00
1.313255743170000045e+01 2.244231648879999822e-03 1.020755519750000083e-02 1.000000000000000000e+00
3.202960916419999648e+01 1.510683532080000016e-02 1.303059492850000035e-02 2.000000000000000000e+00
7.042944876449999470e+01 8.517059406370000585e-02 1.610138594010000063e-02 3.000000000000000000e+00
9.313190631729999325e+01 8.650921754120000084e-02 1.235159434379999935e-02 4.000000000000000000e+00
7.160146215170000161e+00 7.569891006979999615e-01 3.930868083399999824e-01 1.000000000000000000e+00
1.734902007889999993e+02 3.542247758929999990e-01 1.001902678650000017e-01 4.000000000000000000e+00
7.566285383890000382e+00 4.822277054199999857e-01 4.251591484489999906e-01 3.000000000000000000e+00
2.835103821550000021e+02 1.368415336079999989e-01 2.181363819430000017e-01 4.000000000000000000e+00
2.212240890769999879e+01 4.191513654390000010e-01 2.234439721439999971e-01 3.000000000000000000e+00
1.357320420380000030e+02 3.269558868090000157e-03 4.601913758419999834e-01 3.000000000000000000e+00
7.949469699189999794e+00 2.844089148300000258e-01 2.524260628209999968e-01 2.000000000000000000e+00
1.203049565160000043e+02 5.913528352460000193e-01 2.392369659309999952e-01 3.000000000000000000e+00
1.258200955869999937e+01 1.326815639499999977e-01 2.875895723079999744e-01 1.000000000000000000e+00
3.033282480089999922e+01 2.542248311379999848e-01 1.234223479099999937e-01 2.000000000000000000e+00
3.686874787099999935e+02 5.329775586080000294e-02 3.589523099170000009e-01 4.000000000000000000e+00
1.101732422989999947e+02 6.468111642160000452e-01 1.085818167280000024e+00 2.000000000000000000e+00
6.638776436359999877e+01 2.667700479880000253e-01 3.589169974390000184e-01 3.000000000000000000e+00
7.398747941619999935e+00 6.545303538769999818e-01 1.935008470269999892e-01 1.000000000000000000e+00
1.315938011649999950e+01 6.593343235309999384e-02 1.633651522160000161e-02 1.000000000000000000e+00
3.608354623150000151e+01 2.846948821049999911e-01 3.944736811979999633e-03 2.000000000000000000e+00
7.059082794660000104e+00 3.564978714759999834e-01 3.964162694819999833e-01 2.000000000000000000e+00
9.270711926280000625e+01 2.486010394710000126e-01 1.762412331829999942e-02 4.000000000000000000e+00
1.882323679769999956e+02 5.350160369869999544e-01 1.664354599689999992e-01 3.000000000000000000e+00
7.371258261989999561e+00 8.006748063999999943e-01 4.451204429689999964e-01 4.000000000000000000e+00
1.314358533539999918e+01 1.964195742019999875e-03 1.612204532960000158e-02 1.000000000000000000e+00
3.241426993059999973e+01 2.239805069030000040e-02 1.191550742339999962e-02 2.000000000000000000e+00
7.071137225610000598e+01 8.800018539449999677e-02 1.462716981569999949e-02 3.000000000000000000e+00
8.931311984520000635e+01 5.016672708610000336e-02 1.193710929740000003e-02 4.000000000000000000e+00
7.093978995349999650e+00 3.322152080469999991e-01 3.662102652509999778e-01 3.000000000000000000e+00
1.313772931049999926e+01 5.973457249300000160e-02 1.247998471269999923e-02 1.000000000000000000e+00
4.215056224319999956e+01 1.106384180300000047e-01 1.207053764599999926e-02 2.000000000000000000e+00
1.090347674460000036e+02 1.492818104849999959e-02 1.450082116990000086e-02 4.000000000000000000e+00
7.650550349869999600e+00 3.302929988080000046e-01 1.407143526369999953e-01 2.000000000000000000e+00
3.009326279169999907e+02 5.139900917430000327e-01 7.956285201000000418e-02 3.000000000000000000e+00
7.754176294159999649e+00 1.977930015940000119e-01 2.895582363040000162e-01 1.000000000000000000e+00
7.534573235739999930e+00 6.101604462799999906e-01 3.102008223009999899e-01 2.000000000000000000e+00
4.329553167430000116e+01 3.320505709050000087e-01 1.755492220629999989e-01 4.000000000000000000e+00
1.130276028269999955e+02 3.229168835160000084e-01 3.236803947999999931e-01 1.000000000000000000e+00
7.782887668119999880e+00 3.435871134199999788e-01 7.189431149349999606e-01 2.000000000000000000e+00
7.747421002670000334e+00 4.408135180089999827e-01 1.707261288030000046e-01 1.000000000000000000e+00
2.130532173299999954e+02 2.359922135489999906e-01 1.638487611589999893e-01 3.000000000000000000e+00
8.711956708220000678e+01 3.630581400399999770e-01 5.685925818410000193e-02 1.000000000000000000e+00
8.007239286569999948e+00 6.594766470199999731e-01 3.212742121209999913e-01 4.000000000000000000e+00
1.125622695980000003e+02 8.088079676510000204e-02 4.279137414970000108e-01 1.000000000000000000e+00
7.436694174190000339e+00 3.507282661080000086e-01 3.231989449800000136e-01 2.000000000000000000e+00
4.595597209210000074e+02 7.277679406420000108e-01 5.142410391860000041e-02 3.000000000000000000e+00
1.315677917280000031e+01 1.128655349479999953e-03 1.171585780770000029e-02 1.000000000000000000e+00
3.247542915100000016e+01 9.362385099130000193e-03 1.026484704130000043e-02 2.000000000000000000e+00
6.539041652790000114e+01 8.406904266539999560e-02 8.903362232890000422e-03 3.000000000000000000e+00
9.148303741130000333e+01 5.769588092030000087e-02 3.010363219249999941e-03 4.000000000000000000e+00
6.942635847470000066e+00 2.981080558449999973e-01 7.336933652170000153e-01 1.000000000000000000e+00
2.861453037549999863e+02 7.611867180360000207e-01 2.230241664219999864e-01 4.000000000000000000e+00
1.313260939439999930e+01 2.651572765189999948e-03 1.483253376400000059e-02 1.000000000000000000e+00
3.219811824960000024e+01 2.694964711209999961e-02 1.423170967039999978e-02 2.000000000000000000e+00
7.094619987260000471e+01 7.102531816569999934e-02 1.357843867740000064e-02 3.000000000000000000e+00
8.764778523290000578e+01 7.320160948329999806e-02 1.437594897539999986e-02 4.000000000000000000e+00
1.314307380019999982e+01 1.544624530560000097e-03 1.255425110479999919e-02 1.000000000000000000e+00
3.141122282770000140e+01 5.582138974659999787e-03 8.750904087800000231e-03 2.000000000000000000e+00
6.865955090440000674e+01 5.333680211459999876e-02 1.469719112490000014e-02 3.000000000000000000e+00
9.466558864969999831e+01 6.967058321810000454e-02 1.082180950509999996e-02 4.000000000000000000e+00
1.315605445889999991e+01 1.962832813280000060e-03 1.079200229559999953e-02 1.000000000000000000e+00
3.243669687029999693e+01 2.943052713030000142e-02 1.485355801069999926e-02 2.000000000000000000e+00
6.897618971970000246e+01 5.127760654240000326e-02 1.498909023620000058e-02 3.000000000000000000e+00
8.911675097340000207e+01 7.774505460950000002e-02 1.344668196939999977e-02 4.000000000000000000e+00
1.313935732839999915e+01 1.988036534410000077e-03 1.724336134219999969e-02 1.000000000000000000e+00
3.156558133320000081e+01 1.264139468280000081e-02 8.034180381309999341e-03 2.000000000000000000e+00
6.694912755529999515e+01 6.505699442109999509e-02 9.490423219700000815e-03 3.000000000000000000e+00
9.160131669860000159e+01 6.796132141879999977e-02 9.611868891200000056e-03 4.000000000000000000e+00
6.120769240399999944e+01 4.925507454949999975e-01 1.115203636279999966e-01 1.000000000000000000e+00
8.603955142969999415e+00 4.792619361020000190e-01 5.334026724310000356e-01 2.000000000000000000e+00
1.601223537809999868e+02 6.165053111320000223e-01 8.273172152749999619e-02 1.000000000000000000e+00
7.614745521719999743e+00 5.101319925749999706e-01 1.295314692579999927e-01 2.000000000000000000e+00
3.526089759480000225e+02 3.627071835819999923e-01 1.720979471959999951e-01 3.000000000000000000e+00
8.967559719860000200e+01 3.082489088279999900e-01 3.171636360949999789e-01 4.000000000000000000e+00
7.487720411949999821e+00 3.308134383910000254e-01 3.809356585720000132e-01 3.000000000000000000e+00
1.060646093120000018e+02 4.331489827610000010e-01 7.681514224030000504e-02 4.000000000000000000e+00
3.495974527429999767e+01 4.021242762089999867e-01 1.192999718479999943e-01 4.000000000000000000e+00
7.095592992870000337e+00 5.779993950809999559e-01 1.008708248919999995e-01 1.000000000000000000e+00
1.313882204739999970e+01 2.157463879020000107e-03 1.820307553850000065e-02 1.000000000000000000e+00
3.231977377860000189e+01 2.502434131520000007e-02 1.369013890990000010e-02 2.000000000000000000e+00
6.729482965299999364e+01 6.414150023060000150e-02 7.683811848630000066e-03 3.000000000000000000e+00
8.901054260860000511e+01 6.460729012339999633e-02 6.950204995229999731e-03 4.000000000000000000e+00
7.701245784090000157e+00 4.089230991450000241e-01 7.235877877899999921e-01 1.000000000000000000e+00
1.943751844960000028e+02 1.463030891790000065e-01 2.683533724859999969e-01 3.000000000000000000e+00
8.099725287840000121e+00 2.086172412270000109e-01 7.823114006300000423e-01 2.000000000000000000e+00
1.329051562470000079e+02 6.969748056650000301e-01 4.269926568240000053e-01 3.000000000000000000e+00
8.666842602339999146e+00 6.741757151669999781e-02 1.575762696449999889e-01 1.000000000000000000e+00
5.199011943920000078e+01 5.448114396609999854e-01 7.877487207420000304e-02 4.000000000000000000e+00
4.255626712740000244e+02 4.864527258110000196e-01 7.093011182199999987e-02 2.000000000000000000e+00
7.802607101100000442e+00 2.191848039550000071e-01 7.810828417339999996e-01 4.000000000000000000e+00
2.225021787549999885e+02 5.306691137410000092e-01 9.270402601629999795e-02 1.000000000000000000e+00
7.556229802819999897e+00 5.519196453569999994e-01 3.071996469589999834e-01 2.000000000000000000e+00
1.754423603319999927e+02 3.171677213260000183e-01 5.120995194399999839e-01 2.000000000000000000e+00
7.456592796259999822e+00 4.898975140199999800e-01 3.386322833479999961e-01 2.000000000000000000e+00
9.374390147959999808e+01 2.802098385289999993e-01 3.150480469529999827e-01 2.000000000000000000e+00
4.493887366410000084e+01 8.684401165470000405e-01 4.158749603099999859e-01 4.000000000000000000e+00
3.173996996179999996e+02 2.719802265569999933e-01 2.404148170929999995e-01 3.000000000000000000e+00
8.368487721390000189e+00 4.558528191669999896e-01 2.562417369269999745e-01 1.000000000000000000e+00
7.942654719319999401e+01 3.938000647930000042e-01 3.728434825220000026e-01 4.000000000000000000e+00
6.641765756840000279e+01 5.045947428279999869e-01 9.844573978609999498e-02 3.000000000000000000e+00
8.035036575799999525e+00 4.694111539999999971e-01 3.135908502879999893e-01 4.000000000000000000e+00
1.314123749230000016e+01 1.837731511770000076e-03 1.023462613260000056e-02 1.000000000000000000e+00
3.150835653769999922e+01 1.710994895850000141e-02 1.604716086559999921e-02 2.000000000000000000e+00
6.980194752219999543e+01 8.458132120319999947e-02 9.001189227230000159e-03 3.000000000000000000e+00
8.977235416630000486e+01 5.675606715650000078e-02 1.391013119460000023e-02 4.000000000000000000e+00
1.313807466999999995e+01 1.201280596859999892e-03 1.716697554990000152e-02 1.000000000000000000e+00
3.161485008000000008e+01 2.043980375539999894e-02 1.106425226359999958e-02 2.000000000000000000e+00
6.813673349910000354e+01 5.267342043420000092e-02 9.705415954079999255e-03 3.000000000000000000e+00
9.065628718499999650e+01 7.353323392539999614e-02 9.433436651200000078e-03 4.000000000000000000e+00
1.314280536429999913e+01 5.561295117040000041e-02 1.481746161270000063e-02 1.000000000000000000e+00
3.248297207750000126e+01 1.377589646879999984e-02 6.506587574910000123e-03 2.000000000000000000e+00
7.679674923570000544e+01 2.702184922640000000e-02 8.667851064189999524e-03 3.000000000000000000e+00
8.731633688029999618e+00 1.871981982519999865e-01 6.166055541439999788e-01 1.000000000000000000e+00
4.830528997689999926e+01 4.022274055230000145e-01 4.081384701779999791e-01 4.000000000000000000e+00
8.603815395510000741e+00 6.082726833970000246e-01 4.672152054270000132e-01 1.000000000000000000e+00
5.718280354360000217e+01 3.739357574530000061e-01 1.761174829209999904e-01 4.000000000000000000e+00
8.529160542899999697e+00 4.606070368829999762e-01 2.274927998800000128e-01 1.000000000000000000e+00
1.004799799510000042e+02 3.202781059950000064e-01 5.091496875340000006e-02 4.000000000000000000e+00
7.729421469810000112e+00 8.853180041529999655e-02 5.569796388269999676e-01 1.000000000000000000e+00
1.679585517280000033e+02 5.931349318340000121e-01 2.316409507320000005e-01 3.000000000000000000e+00
8.337584589580000483e+00 5.056758797510000347e-01 1.534162508920000056e-01 2.000000000000000000e+00
6.456469676599999730e+01 2.712918673460000263e-01 1.932139181170000053e-01 4.000000000000000000e+00
1.314420008829999986e+01 2.271978175409999912e-03 1.275465911540000011e-02 1.000000000000000000e+00
3.144115709189999919e+01 1.849923249329999894e-02 1.202687127220000013e-02 2.000000000000000000e+00
6.781848530339999570e+01 4.719950260970000311e-02 1.125966611329999936e-02 3.000000000000000000e+00
9.456209986490000574e+01 9.021350941290000314e-02 1.428924273749999918e-02 4.000000000000000000e+00
7.587232377270000327e+00 9.113315691219999737e-01 1.003810668929999927e+00 1.000000000000000000e+00
3.171137934120000068e+02 5.408104588169999616e-01 1.225460485079999939e-01 3.000000000000000000e+00
8.315057625630000615e+00 2.350786783290000070e-01 4.359895957869999727e-01 1.000000000000000000e+00
8.666624448720000373e+01 4.964227093219999998e-02 2.651458084250000180e-01 3.000000000000000000e+00
1.313459444519999941e+01 2.079521062199999899e-03 4.060149462080000007e-03 1.000000000000000000e+00
3.180847129489999858e+01 1.127935685470000081e-02 4.089495613759999704e-03 2.000000000000000000e+00
7.029553807210000116e+01 9.608943123490000515e-02 5.990845310200000086e-03 3.000000000000000000e+00
9.097069431709999776e+01 6.245921056780000258e-02 1.622315641120000013e-03 4.000000000000000000e+00
7.907899458860000230e+00 2.858156346290000038e-01 8.969678023549999546e-01 1.000000000000000000e+00
9.596517022739999447e+01 2.832770544070000174e-01 1.851009242240000130e-01 4.000000000000000000e+00
3.854531773450000287e+01 5.777464186009999558e-01 2.487364494029999928e-01 4.000000000000000000e+00
6.353087934740000442e+00 5.334949707730000101e-01 6.914759339880000022e-01 1.000000000000000000e+00
1.681445083570000065e+02 6.467800690010000464e-01 4.284039849230000252e-01 2.000000000000000000e+00
9.905203967379999597e+01 2.979935118720000164e-01 3.501803500949999814e-01 1.000000000000000000e+00
8.115429707789999725e+00 1.033781996250000002e-01 2.880943904909999964e-01 2.000000000000000000e+00
