4.562711624169098479e-01
2.768426651479269363e-01
6.843952168245474033e-01
7.331879943773498276e-01
8.509159677390001342e-01
8.989357039003974537e-01
7.139383786127846410e-01
4.355500133212905078e-01
4.379741244986092297e-01
7.439582350906925878e-01
4.813944145763943139e-01
5.624533543094297761e-01
4.154523575381890432e-01
2.402835220904806224e-01
6.043723296524243782e-01
6.329964179080715958e-01
3.919520989639603825e-01
4.647676192682442808e-01
4.166311487598560181e-01
1.869665508206559135e-01
6.642841024430358177e-01
6.159410647599999900e-01
4.877782525393529744e-01
7.407804006011385889e-01
4.822277054199808899e-01
2.439623800745145676e-01
6.545303538769999818e-01
3.944262244335534628e-01
6.836780731632087216e-01
3.322152080475325731e-01
3.133672845736977242e-01
1.977930015940008446e-01
6.101604462799999906e-01
3.841689962367169087e-01
4.218894363788537882e-01
5.952763128230430523e-01
3.053304820345260628e-01
3.221063330748146214e-01
4.016431426276874661e-01
5.164901858439605586e-01
3.606744763225346317e-01
5.779993950809935166e-01
3.066874129880640121e-01
4.350230575143779754e-01
3.190157189453595721e-01
3.785851804654473685e-01
5.368773533591512104e-01
4.898975140196293321e-01
3.085280012218717949e-01
4.036341425649696002e-01
1.893713480019457995e-01
6.041716467255342504e-01
5.158202714411810330e-01
1.843894379663557626e-01
5.945715857657601910e-01
7.041775932705434116e-01
2.451045535313143842e-01
4.079367422919081276e-01
5.403567381449504436e-01
8.005678442762506619e-02
