7.690028556859999753e+00 4.582326426910000028e-01 4.387064517429999921e-01 1.000000000000000000e+00
7.493576189959999745e+00 2.877087174869999986e-01 5.511265633249999851e-01 1.000000000000000000e+00
7.417139786449999939e+00 6.908419762930000374e-01 1.296146716970000001e-01 3.000000000000000000e+00
7.223239195159999682e+00 7.331879943779999742e-01 7.239973562429999898e-01 1.000000000000000000e+00
7.418871993389999808e+00 8.509159677390000232e-01 4.581908500719999999e-01 1.000000000000000000e+00
6.946612263309999591e+00 8.989357039009999717e-01 5.407137835209999688e-01 1.000000000000000000e+00
7.602870890390000191e+00 7.524576677809999836e-01 1.098186382399999994e+00 2.000000000000000000e+00
7.504293515059999642e+00 4.355500133219999959e-01 2.157350312040000051e-01 1.000000000000000000e+00
8.865690409549999984e+00 2.040376338129999967e-01 1.142167732289999932e-01 1.000000000000000000e+00
7.287831114020000278e+00 5.893381868399999446e-01 1.005769872739999959e+00 3.000000000000000000e+00
8.139688793850000437e+00 5.907687063709999853e-01 1.893612979429999954e-01 2.000000000000000000e+00
6.482226343759999843e+00 7.379268049920000294e-01 3.684841965790000007e-01 2.000000000000000000e+00
7.444233692560000115e+00 4.154523575379999722e-01 5.958706027949999678e-02 1.000000000000000000e+00
7.547969709340000222e+00 2.402835220910000125e-01 3.516198303029999805e-01 3.000000000000000000e+00
7.759709774930000137e+00 6.863546136729999914e-01 3.505411267099999839e-01 1.000000000000000000e+00
7.608881792320000059e+00 5.550186655890000376e-01 1.394257828440000013e+00 1.000000000000000000e+00
7.327779882229999764e+00 3.919520989640000175e-01 1.026837667489999967e-01 3.000000000000000000e+00
7.567936217479999783e+00 4.647676192690000097e-01 2.784616035929999844e-01 1.000000000000000000e+00
7.994086694219999956e+00 6.502892758189999789e-01 6.456810942039999945e-01 1.000000000000000000e+00
7.924622369999999805e+00 2.554196772310000085e-01 6.492740988349999798e-01 1.000000000000000000e+00
7.507249579069999790e+00 6.251508848950000363e-01 3.176270978619999963e-01 1.000000000000000000e+00
7.669706039550000298e+00 6.159410647599999900e-01 5.341441886300000164e-01 2.000000000000000000e+00
8.290730351800000619e+00 2.752087903259999857e-01 6.379402966260000474e-01 1.000000000000000000e+00
7.160146215170000161e+00 7.569891006979999615e-01 3.930868083399999824e-01 1.000000000000000000e+00
7.566285383890000382e+00 4.822277054199999857e-01 4.251591484489999906e-01 3.000000000000000000e+00
7.949469699189999794e+00 2.844089148300000258e-01 2.524260628209999968e-01 2.000000000000000000e+00
7.398747941619999935e+00 6.545303538769999818e-01 1.935008470269999892e-01 1.000000000000000000e+00
7.059082794660000104e+00 3.564978714759999834e-01 3.964162694819999833e-01 2.000000000000000000e+00
7.371258261989999561e+00 8.006748063999999943e-01 4.451204429689999964e-01 4.000000000000000000e+00
7.093978995349999650e+00 3.322152080469999991e-01 3.662102652509999778e-01 3.000000000000000000e+00
7.650550349869999600e+00 3.302929988080000046e-01 1.407143526369999953e-01 2.000000000000000000e+00
7.754176294159999649e+00 1.977930015940000119e-01 2.895582363040000162e-01 1.000000000000000000e+00
7.534573235739999930e+00 6.101604462799999906e-01 3.102008223009999899e-01 2.000000000000000000e+00
7.782887668119999880e+00 3.435871134199999788e-01 7.189431149349999606e-01 2.000000000000000000e+00
7.747421002670000334e+00 4.408135180089999827e-01 1.707261288030000046e-01 1.000000000000000000e+00
8.007239286569999948e+00 6.594766470199999731e-01 3.212742121209999913e-01 4.000000000000000000e+00
7.436694174190000339e+00 3.507282661080000086e-01 3.231989449800000136e-01 2.000000000000000000e+00
6.942635847470000066e+00 2.981080558449999973e-01 7.336933652170000153e-01 1.000000000000000000e+00
8.603955142969999415e+00 4.792619361020000190e-01 5.334026724310000356e-01 2.000000000000000000e+00
7.614745521719999743e+00 5.101319925749999706e-01 1.295314692579999927e-01 2.000000000000000000e+00
7.487720411949999821e+00 3.308134383910000254e-01 3.809356585720000132e-01 3.000000000000000000e+00
7.095592992870000337e+00 5.779993950809999559e-01 1.008708248919999995e-01 1.000000000000000000e+00
7.701245784090000157e+00 4.089230991450000241e-01 7.235877877899999921e-01 1.000000000000000000e+00
8.099725287840000121e+00 2.086172412270000109e-01 7.823114006300000423e-01 2.000000000000000000e+00
8.666842602339999146e+00 6.741757151669999781e-02 1.575762696449999889e-01 1.000000000000000000e+00
7.802607101100000442e+00 2.191848039550000071e-01 7.810828417339999996e-01 4.000000000000000000e+00
7.556229802819999897e+00 5.519196453569999994e-01 3.071996469589999834e-01 2.000000000000000000e+00
7.456592796259999822e+00 4.898975140199999800e-01 3.386322833479999961e-01 2.000000000000000000e+00
8.368487721390000189e+00 4.558528191669999896e-01 2.562417369269999745e-01 1.000000000000000000e+00
8.035036575799999525e+00 4.694111539999999971e-01 3.135908502879999893e-01 4.000000000000000000e+00
8.731633688029999618e+00 1.871981982519999865e-01 6.166055541439999788e-01 1.000000000000000000e+00
8.603815395510000741e+00 6.082726833970000246e-01 4.672152054270000132e-01 1.000000000000000000e+00
8.529160542899999697e+00 4.606070368829999762e-01 2.274927998800000128e-01 1.000000000000000000e+00
7.729421469810000112e+00 8.853180041529999655e-02 5.569796388269999676e-01 1.000000000000000000e+00
8.337584589580000483e+00 5.056758797510000347e-01 1.534162508920000056e-01 2.000000000000000000e+00
7.587232377270000327e+00 9.113315691219999737e-01 1.003810668929999927e+00 1.000000000000000000e+00
8.315057625630000615e+00 2.350786783290000070e-01 4.359895957869999727e-01 1.000000000000000000e+00
7.907899458860000230e+00 2.858156346290000038e-01 8.969678023549999546e-01 1.000000000000000000e+00
6.353087934740000442e+00 5.334949707730000101e-01 6.914759339880000022e-01 1.000000000000000000e+00
8.115429707789999725e+00 1.033781996250000002e-01 2.880943904909999964e-01 2.000000000000000000e+00
