4.562711624169098479e-01
5.404540404257714981e-01
2.768426651479269363e-01
1.476636645794232316e-01
3.178226878939999778e-01
6.843952168245474033e-01
3.111906526030111531e-01
7.331879943773498276e-01
8.509159677390001342e-01
8.989357039003974537e-01
7.139383786127846410e-01
5.377105200399371343e-01
5.439370239030000276e-01
4.355500133212905078e-01
4.379741244986092297e-01
1.228882923140485889e-01
2.847472766358644658e-01
3.576957416200746837e-02
7.439582350906925878e-01
2.356636804039999866e-01
4.813944145763943139e-01
3.641482755393203874e-01
1.857976148119260462e-03
1.707447951683316312e-02
6.533683835695658360e-02
7.049535065371850817e-02
5.624533543094297761e-01
5.707509449231367160e-01
4.154523575381890432e-01
1.863636194912185679e-03
1.709412133575834852e-02
6.536122578505584868e-02
7.051056800466978802e-02
2.402835220904806224e-01
1.958924959399999388e-01
6.043723296524243782e-01
5.199257363930591680e-01
1.865999773675805409e-03
1.707672553935987714e-02
6.535826928039099870e-02
7.050687535619720725e-02
6.329964179080715958e-01
5.521312302234702152e-01
3.919520989639603825e-01
4.647676192682442808e-01
7.800553717700000611e-01
4.166311487598560181e-01
4.045168539415442965e-01
1.860164858184059928e-03
1.708116358282801492e-02
6.534215093083610426e-02
7.048489301288139719e-02
6.260942070589999853e-01
1.869665508206559135e-01
3.217577487769702760e-01
6.642841024430358177e-01
5.694720854532616672e-01
6.159410647599999900e-01
2.505285077692442908e-01
3.330807520656963727e-01
4.877782525393529744e-01
1.215992130150091999e-01
1.867124804302308086e-03
1.709908768261629922e-02
6.536192317400939256e-02
7.052936437836035410e-02
7.407804006011385889e-01
3.179276607927192244e-01
4.822277054199808899e-01
4.002545175498105623e-01
1.755490167391351997e-01
3.269558867961566001e-03
2.439623800745145676e-01
5.673039049263530753e-01
1.083096578401058357e-01
2.569425895914823066e-01
7.863129269984727721e-01
1.939922586151935913e-01
2.667700479880000253e-01
6.545303538769999818e-01
1.947505768252797975e-01
2.681946610547027987e-01
3.944262244335534628e-01
2.301991911660893897e-01
5.524429150695963076e-01
6.836780731632087216e-01
1.859635385105233834e-03
1.709257312076509910e-02
6.536288170920667717e-02
7.050540291476337096e-02
3.322152080475325731e-01
8.967458905755157361e-02
8.621506666384064210e-02
7.613817351430202107e-02
3.133672845736977242e-01
5.218639327050822452e-01
1.977930015940008446e-01
6.101604462799999906e-01
3.320505709050000087e-01
2.951397752110970218e-01
3.841689962367169087e-01
4.218894363788537882e-01
2.663930248264051448e-01
3.899566146905587005e-01
5.952763128230430523e-01
8.088079676506917948e-02
3.053304820345260628e-01
7.444753405498885090e-01
1.857380221154027221e-03
1.708148477799352472e-02
6.534256219355026596e-02
7.048151024716169111e-02
3.221063330748146214e-01
7.548954536099812263e-01
1.859526389853770161e-03
1.710296416842511588e-02
6.535734053319632031e-02
7.048452791482018309e-02
1.859500812458093682e-03
1.708510269939649689e-02
6.534861843422652694e-02
7.049932114764247137e-02
1.861594977051569044e-03
1.708830050191700173e-02
6.534972241602907128e-02
7.051154038677229230e-02
1.873375115346004056e-03
1.710101654177229730e-02
6.536983330742646148e-02
7.053107893456200816e-02
5.018001804221066120e-01
4.016431426276874661e-01
6.355515686221050453e-01
5.164901858439605586e-01
3.627071835819999923e-01
3.082489088279999900e-01
3.606744763225346317e-01
4.062233711930677837e-01
4.021242762090000422e-01
5.779993950809935166e-01
1.857992471396453056e-03
1.708871613351179569e-02
6.536569193545482825e-02
7.050053148919076251e-02
3.066874129880640121e-01
1.667405779109955855e-01
4.350230575143779754e-01
6.400030483396652592e-01
3.190157189453595721e-01
4.983837832428501535e-01
4.422712706514667635e-01
3.785851804654473685e-01
4.935240734295708309e-01
5.368773533591512104e-01
3.171677213260001293e-01
4.898975140196293321e-01
2.802098385290000548e-01
3.740850513313919712e-01
7.263371696383137399e-01
3.085280012218717949e-01
3.844091437573740055e-01
4.987295756631795474e-01
4.036341425649696002e-01
1.858249510029704420e-03
1.709590118551803858e-02
6.535557800858184108e-02
7.050152600000707259e-02
1.860495866041264948e-03
1.709041634052844982e-02
6.535951762344116567e-02
7.050274408206523569e-02
4.048142678714840986e-02
3.323692599613504994e-02
2.152595404910117097e-02
1.893713480019457995e-01
4.191781241315185036e-01
6.041716467255342504e-01
3.691744912490093067e-01
5.158202714411810330e-01
2.669001337878537661e-01
1.843894379663557626e-01
6.103180555514484684e-01
5.945715857657601910e-01
1.870032913177300249e-01
1.861644574738416120e-03
1.708470365556097326e-02
6.534994841732004456e-02
7.049671553593127304e-02
7.041775932705434116e-01
5.075170800292437834e-01
2.451045535313143842e-01
6.004202965280667353e-02
1.860842817837883275e-03
1.706209914833952193e-02
6.535843088702517067e-02
7.048945999424278963e-02
4.079367422919081276e-01
2.641669849031325068e-01
5.777464186010001779e-01
5.403567381449504436e-01
6.406968838747980621e-01
2.888422366007264985e-01
8.005678442762506619e-02
