5.696300619769999685e+01 5.318781605830000259e-02 1.798308100559999900e-01 1.000000000000000000e+00
5.793645877280000356e+00 6.652330990210000294e-01 2.031755026349999937e+00 2.000000000000000000e+00
4.730877913020000136e+01 5.312030345820000221e-01 1.027337841270000024e-01 1.000000000000000000e+00
5.937970704119999610e+00 1.253200965800000122e-01 2.389113939510000006e-01 3.000000000000000000e+00
6.803624625930000391e+00 2.870145564539999805e-01 2.862924123330000126e-01 1.000000000000000000e+00
7.611518257059999826e+01 5.781185410489999565e-01 8.767632053120000268e-01 3.000000000000000000e+00
5.000838792030000235e+01 4.242443330990000039e-01 7.007226782290000289e-01 2.000000000000000000e+00
6.797739131180000172e+00 6.402721331109999525e-01 1.407756016199999960e-01 1.000000000000000000e+00
4.249527421180000033e+02 7.788986987289999719e-01 8.214478031419999993e-02 3.000000000000000000e+00
7.398073261020000402e+00 3.108361173620000084e-01 1.716506630849999882e-01 1.000000000000000000e+00
7.540269075889999328e+01 2.093443539890000038e-01 4.041345964260000256e-01 2.000000000000000000e+00
5.975518934100000124e+00 5.255409281809999555e-01 2.489306667329999889e-01 1.000000000000000000e+00
9.722073502179999593e+01 4.783591266150000187e-01 1.681276161620000043e-01 2.000000000000000000e+00
5.798654623430000044e+00 7.570871792950000234e-01 2.128482584689999901e-01 1.000000000000000000e+00
5.758534513949999933e+01 1.576039342810000021e-01 1.971194755709999857e-02 3.000000000000000000e+00
1.010532651059999978e+02 3.292543658939999784e-01 3.170717516939999814e-01 3.000000000000000000e+00
6.345498095860000021e+00 4.371247967329999762e-01 6.322665136649999740e-01 4.000000000000000000e+00
7.462491832219999566e+00 7.087302024789999821e-01 7.133756670319999493e-01 3.000000000000000000e+00
7.707540953729999700e+00 2.052474930740000036e-01 4.239577781009999935e-01 1.000000000000000000e+00
9.691346819700000026e+01 4.619926744430000176e-01 1.470535066120000067e-01 2.000000000000000000e+00
7.471930383880000193e+00 4.213311092609999808e-01 5.362517109130000154e-02 1.000000000000000000e+00
3.474135655300000280e+01 1.956061560669999921e-01 9.442432694150000583e-02 2.000000000000000000e+00
5.586938495500000101e+01 2.209932083699999994e-01 2.982318812170000055e-01 2.000000000000000000e+00
4.379243871039999902e+00 9.272329512860000289e-01 3.478745718569999923e-01 3.000000000000000000e+00
6.022250429449999665e+00 6.214636730839999679e-01 7.301271446960000411e-01 3.000000000000000000e+00
6.920186412450000546e+01 3.312972459310000173e-01 1.744955298970000124e-01 4.000000000000000000e+00
6.353169475399999655e+00 8.555845498390000081e-01 6.741861079059999762e-01 1.000000000000000000e+00
9.988276575679999780e+01 3.560054305759999815e-01 1.816872123830000074e-01 3.000000000000000000e+00
5.672342273409999969e+00 4.966213263109999776e-01 5.947239586200000483e-01 2.000000000000000000e+00
7.936952464579999855e+01 3.106649493070000045e-01 3.278447483090000114e-01 3.000000000000000000e+00
3.855085881189999952e+00 8.652153766519999900e-01 2.036460375019999991e-01 1.000000000000000000e+00
6.608075260749999735e+00 3.908920486590000132e-01 6.721981687119999993e-01 2.000000000000000000e+00
9.560409984160000363e+01 3.725324933270000027e-01 4.170928809750000243e-01 3.000000000000000000e+00
6.285208805619999950e+00 4.895463934159999808e-01 7.207795856659999778e-01 1.000000000000000000e+00
7.626321679590000180e+00 2.172296642469999928e-01 3.149647623990000089e-01 1.000000000000000000e+00
1.107465856400000064e+02 3.814835267630000137e-01 1.823814517339999997e-01 4.000000000000000000e+00
6.681657856190000189e+00 3.893013621909999777e-01 1.245116201589999971e-01 2.000000000000000000e+00
2.624207310390000103e+01 6.201069121300000209e-01 7.529007783969999812e-01 4.000000000000000000e+00
2.948401738540000139e+01 3.762349503829999775e-01 3.100355072639999765e-01 2.000000000000000000e+00
1.328139864889999977e+01 4.081630452000000187e-01 6.043008923669999921e-02 1.000000000000000000e+00
1.538056558870000003e+02 1.405485976220000044e-01 1.262806792099999964e-01 3.000000000000000000e+00
5.314892475069999733e+00 6.229000188379999470e-01 7.872901502970000021e-01 1.000000000000000000e+00
1.022850013319999931e+02 5.435731676839999915e-02 4.544638610419999836e-01 3.000000000000000000e+00
7.157446131300000403e+00 4.130617604790000064e-01 5.526054291759999737e-01 3.000000000000000000e+00
7.378891826340000648e+01 5.340184148230000538e-01 2.673562808580000061e-01 4.000000000000000000e+00
6.375831090710000204e+00 2.729688001889999938e-01 3.359388879460000199e-01 1.000000000000000000e+00
2.840347304310000141e+02 3.918649019689999791e-01 1.344612445729999883e-01 2.000000000000000000e+00
7.145177342520000252e+00 5.193543976629999559e-01 6.113600470000000175e-01 1.000000000000000000e+00
4.735782202080000047e+01 3.528978027870000034e-01 1.235823958070000061e-01 4.000000000000000000e+00
6.068460998459999978e+00 5.525893268989999774e-01 3.916024624469999771e-01 1.000000000000000000e+00
1.818350876670000105e+02 3.831778614299999886e-01 1.821011045170000120e-01 2.000000000000000000e+00
2.022470566329999997e+02 2.907478677109999743e-01 3.236739892230000026e-01 3.000000000000000000e+00
4.097154653229999610e+00 6.607930468629999998e-01 8.222241758320000260e-01 4.000000000000000000e+00
5.247267989299999869e+01 5.764015398449999772e-01 1.612381484919999941e-01 2.000000000000000000e+00
6.253747262020000086e+00 2.008995565180000109e-01 2.319924689270000118e-01 3.000000000000000000e+00
4.670999513289999960e+00 7.191906817759999848e-01 3.371449859449999753e-01 1.000000000000000000e+00
1.873434181549999948e+02 2.796965707979999771e-01 1.620664454749999872e-01 2.000000000000000000e+00
8.514357629479999900e+01 5.879094783910000510e-01 5.211739781270000038e-02 2.000000000000000000e+00
5.635412665889999673e+00 7.766843714300000201e-01 2.523397728680000229e-01 3.000000000000000000e+00
6.724498402050000045e+00 2.870326248480000175e-01 4.206854926049999888e-01 1.000000000000000000e+00
6.065533855289999821e+01 2.317030448890000094e-01 4.882071515769999953e-02 4.000000000000000000e+00
7.351081062309999581e+00 3.673319035090000240e-01 4.631873217999999959e-01 1.000000000000000000e+00
8.047895802710000623e+01 3.778692138279999835e-01 1.139599546060000024e-01 4.000000000000000000e+00
7.649056673809999651e+00 1.750139768220000114e-01 4.381146592049999788e-01 1.000000000000000000e+00
4.004501969929999916e+01 3.452700182169999854e-01 4.457215784799999914e-01 4.000000000000000000e+00
1.791914027420000082e+02 4.032498162820000176e-02 4.204281111400000048e-01 4.000000000000000000e+00
2.274094967910000165e+01 7.599589598620000164e-01 1.575561848580000035e+00 2.000000000000000000e+00
1.529972702649999938e+01 7.453054949510000415e-02 2.520759454040000236e-01 1.000000000000000000e+00
2.303122657609999919e+02 2.692179363659999991e-01 4.632354683619999830e-02 4.000000000000000000e+00
5.953391445649999980e+01 2.938894201280000118e-01 1.420909021400000027e-01 1.000000000000000000e+00
8.204381396360000522e+00 5.698068791410000333e-01 1.418174465389999972e-01 4.000000000000000000e+00
6.446712585500000259e+00 3.355051428479999820e-01 5.937458387640000002e-01 1.000000000000000000e+00
1.642373688239999865e+02 9.160176939170000532e-01 2.543923172679999900e-01 4.000000000000000000e+00
6.802847864990000382e+00 4.652235198129999749e-01 1.534362476660000030e-01 1.000000000000000000e+00
6.741903234890000363e+01 1.420439472849999996e-01 1.300207697390000083e-01 2.000000000000000000e+00
1.305012990920000107e+02 1.407045002350000018e-01 9.006154198019999946e-02 3.000000000000000000e+00
4.041237368989999936e+02 2.179188593409999986e-01 9.215424232440000418e-02 1.000000000000000000e+00
5.891695021980000391e+00 3.124730649460000231e-01 1.436651086619999962e+00 2.000000000000000000e+00
9.474042511810000633e+01 6.084860288459999905e-02 3.030925012110000094e-01 3.000000000000000000e+00
7.150963601259999969e+00 8.060286191579999482e-01 4.779040727869999783e-01 1.000000000000000000e+00
3.428902734270000110e+02 2.496774399059999983e-01 2.701396787009999745e-01 4.000000000000000000e+00
5.303581633390000327e+00 7.741881578279999898e-01 4.099460801550000033e-01 2.000000000000000000e+00
7.832199031490000607e+01 5.525746765069999844e-01 1.708051866530000129e-01 3.000000000000000000e+00
9.183221468600000037e+01 2.628901705480000128e-01 1.013780947209999977e-01 3.000000000000000000e+00
7.212689666870000238e+00 3.191962211839999841e-01 1.068807264579999944e-01 4.000000000000000000e+00
1.634407499920000006e+01 2.202317508859999995e-01 1.083325492429999988e-02 1.000000000000000000e+00
1.986732405140000139e+02 4.180258368900000021e-01 1.520795891170000080e-02 4.000000000000000000e+00
8.302410590729999740e+01 4.646845485569999767e-01 4.498795214330000153e-02 3.000000000000000000e+00
7.910020757219999865e+00 6.590385627939999713e-01 3.653494152980000242e-01 1.000000000000000000e+00
1.072820492959999967e+02 5.947167755269999745e-01 1.846901195100000004e-01 3.000000000000000000e+00
4.044617682319999972e+02 5.595815959650000115e-01 2.112912018010000004e-01 2.000000000000000000e+00
7.396261253259999613e+00 5.444582418140000435e-01 3.214696220709999941e-01 4.000000000000000000e+00
6.361923659420000376e+00 3.061852666659999889e-01 5.758484927110000262e-01 1.000000000000000000e+00
3.186485858679999978e+02 1.690122489620000112e-01 1.027604557590000023e-01 2.000000000000000000e+00
7.075933308759999818e+00 1.044046182140000029e-01 4.163861829539999837e-01 2.000000000000000000e+00
4.033828214100000196e+02 3.599625541079999880e-01 8.530468344170000217e-02 4.000000000000000000e+00
2.046508090869999990e+02 2.808916912339999850e-01 6.759031216609999448e-02 2.000000000000000000e+00
4.089037722419999632e+00 7.556980971019999771e-01 2.872884888530000125e-01 4.000000000000000000e+00
5.442904992629999938e+00 5.893936723360000407e-01 4.808189994350000052e-01 1.000000000000000000e+00
7.015772253079999743e+00 5.011971962829999683e-01 2.320770285779999997e-01 1.000000000000000000e+00
2.700034612379999999e+02 3.030047200520000206e-01 1.464036622229999973e-01 3.000000000000000000e+00
6.050679516879999831e+00 6.695928724280000299e-01 6.755740033479999962e-01 4.000000000000000000e+00
5.170892707850000214e+00 5.200947212640000261e-01 3.495235028059999749e-01 3.000000000000000000e+00
1.370218724359999953e+02 3.431584175760000188e-01 1.046879052069999982e-01 4.000000000000000000e+00
5.265012029970000285e+00 7.997765511329999466e-01 1.975006525290000092e-01 2.000000000000000000e+00
6.261435451509999695e+01 3.128348269119999858e-01 1.004032691879999939e-01 4.000000000000000000e+00
1.464083680439999924e+01 1.472125194539999904e-01 1.715207374730000067e-01 1.000000000000000000e+00
6.532329624780000188e+01 3.068308269239999886e-01 5.175952728339999753e-02 1.000000000000000000e+00
5.109651202090000233e+00 6.583933160479999991e-01 8.925504159310000685e-02 3.000000000000000000e+00
6.438888708650000403e+00 6.134638180160000287e-01 2.670062836229999959e-01 2.000000000000000000e+00
6.660737998000000459e+01 5.082495297200000373e-01 9.664816092620000243e-02 4.000000000000000000e+00
2.129633758409999871e+02 1.894755836429999896e-01 1.230534426580000007e-01 3.000000000000000000e+00
5.901313528870000269e+00 5.447362422610000365e-01 4.263723163459999799e-01 4.000000000000000000e+00
5.729454944329999577e+00 4.880679312089999944e-01 8.874647420190000524e-01 2.000000000000000000e+00
1.419871735790000002e+02 5.109924531759999500e-01 6.984451771790000096e-01 4.000000000000000000e+00
7.966587485139999814e+00 8.594151376799999409e-02 1.550981824019999900e-01 1.000000000000000000e+00
7.397146584440000083e+01 1.886301867390000053e-01 1.193952923580000047e-01 4.000000000000000000e+00
5.960660649950000334e+01 4.578498470630000261e-01 4.973253468259999921e-01 1.000000000000000000e+00
6.798888100320000127e+00 4.543439984050000047e-01 7.752665904169999678e-01 2.000000000000000000e+00
5.240502279620000259e+00 8.547213352810000275e-01 6.256432210310000075e-01 1.000000000000000000e+00
7.211472455680000060e+00 7.285202567709999633e-01 3.793092053209999870e-01 3.000000000000000000e+00
5.373271496310000117e+00 5.535562325639999948e-01 5.263247969789999758e-02 2.000000000000000000e+00
7.310031488689999968e+00 3.112041706870000146e-01 3.894530203580000016e-01 1.000000000000000000e+00
8.828297202800000321e+01 1.890995607020000135e-01 1.464051495029999872e-01 4.000000000000000000e+00
2.551430093760000162e+01 3.145446202350000164e-01 2.353800967609999961e-01 3.000000000000000000e+00
6.545796146199999832e+00 6.910338025140000395e-01 1.335950295860000026e+00 1.000000000000000000e+00
5.027095116489999782e+01 1.667485844540000095e-01 2.757836930509999784e-01 4.000000000000000000e+00
5.698116208600000121e+00 6.459314864590000038e-01 4.576605431539999824e-02 1.000000000000000000e+00
1.980081723380000085e+02 2.140371220560000065e-01 2.477912867429999944e-01 2.000000000000000000e+00
5.171594615539999751e+01 3.472664959069999835e-01 3.672600958119999759e-01 4.000000000000000000e+00
3.289600568789999784e+02 2.670684250080000016e-02 4.737475871660000171e-01 4.000000000000000000e+00
5.179156154830000247e+01 1.910088884970000123e-01 2.703304368919999812e-01 3.000000000000000000e+00
7.480605420939999917e+00 2.683101365969999819e-01 4.159550061739999971e-02 2.000000000000000000e+00
6.076925060540000345e+01 8.527501018579999870e-02 6.921041777309999699e-02 3.000000000000000000e+00
6.568188819310000426e+00 4.960571739460000185e-01 8.816851640379999577e-02 1.000000000000000000e+00
8.993041229610000187e+01 8.127345681009999490e-02 6.927072360739999768e-01 2.000000000000000000e+00
6.375022986020000282e+00 3.752281201289999757e-01 8.852891910110000095e-01 2.000000000000000000e+00
2.068624861270000110e+02 4.464307411519999880e-01 1.193344883420000002e-01 4.000000000000000000e+00
6.308457969160000012e+00 1.899361443969999896e-01 1.409076492999999930e-01 2.000000000000000000e+00
1.030997776680000015e+02 2.971894263809999881e-01 1.301055812580000082e-01 1.000000000000000000e+00
6.678840396300000037e+00 3.855089486800000187e-01 5.398167684389999499e-01 4.000000000000000000e+00
1.547801374240000030e+02 2.178580230930000083e-01 3.071191407789999883e-01 2.000000000000000000e+00
7.707256079939999616e+00 4.458705123260000014e-01 3.025585865820000220e-01 3.000000000000000000e+00
5.116008273520000316e+00 4.138126160119999786e-01 6.852703151119999836e-01 1.000000000000000000e+00
1.555908595239999954e+02 2.241296823560000040e-01 5.176597792970000222e-01 2.000000000000000000e+00
7.434569269739999875e+00 2.532349095390000193e-01 2.127843322809999937e-01 2.000000000000000000e+00
7.376009442929999693e+01 3.330674747560000148e-01 5.650436550670000502e-01 3.000000000000000000e+00
1.365230385229999968e+02 5.403345864540000099e-01 1.470345372240000059e-01 4.000000000000000000e+00
6.932088005079999782e+00 2.192773622530000133e-01 5.164432168970000125e-01 1.000000000000000000e+00
9.473718105970000636e+01 2.930597612609999736e-01 6.285323291460000183e-02 4.000000000000000000e+00
6.993193483349999795e+00 7.396667121409999934e-01 3.030068353509999812e-01 1.000000000000000000e+00
7.720171560659999876e+00 2.041925850790000108e-01 2.250476766679999907e-01 1.000000000000000000e+00
2.085363499350000041e+02 3.202430206490000097e-01 1.768040815599999926e-01 3.000000000000000000e+00
1.661754196690000072e+02 1.802915883819999898e-01 1.948248063889999881e-01 1.000000000000000000e+00
6.750715986850000405e+00 5.195431853120000554e-01 2.769599691999999891e-01 2.000000000000000000e+00
6.951594568450000011e+00 2.456028846249999897e-01 4.031471393089999800e-01 2.000000000000000000e+00
1.351450280040000109e+02 7.730157766530000307e-01 3.439749508680000067e-01 4.000000000000000000e+00
6.810704966520000347e+00 3.772191636319999763e-01 6.574296680869999576e-02 1.000000000000000000e+00
1.639082863209999914e+02 2.528096175599999773e-01 1.800100086149999945e-01 4.000000000000000000e+00
8.135814297450000510e+00 5.070395056559999780e-01 1.756992329719999912e-01 1.000000000000000000e+00
3.697966858419999880e+01 1.186725081529999976e-01 2.573761088870000213e-01 2.000000000000000000e+00
2.001257560260000048e+02 1.760221119539999990e-01 1.242175726740000069e-01 3.000000000000000000e+00
6.214006517529999662e+00 4.402137113110000111e-01 6.271256735129999704e-01 1.000000000000000000e+00
1.195565099199999963e+02 4.876397786080000074e-01 2.411099503780000097e-01 2.000000000000000000e+00
7.714576919719999815e+00 3.782063187820000061e-01 9.235471185679999806e-01 1.000000000000000000e+00
1.302381114439999976e+02 3.279649263580000085e-01 2.993467204160000228e-01 3.000000000000000000e+00
2.083474786820000020e+02 4.790596422499999729e-01 1.482972683740000075e-01 3.000000000000000000e+00
6.362257981339999979e+00 3.605912249550000115e-01 4.516178726279999889e-02 4.000000000000000000e+00
7.193719109979999971e+00 4.355982025469999908e-01 1.642641208139999920e-01 1.000000000000000000e+00
2.620817036259999782e+02 8.069582245330000347e-01 1.534886659340000126e-01 3.000000000000000000e+00
7.216136925759999876e+00 3.739397883460000016e-01 1.548914415419999913e-01 1.000000000000000000e+00
1.162801265610000030e+02 9.990825976839999567e-02 1.131981798989999989e-02 3.000000000000000000e+00
6.227101520029999726e+00 5.437847826220000291e-01 1.952327875100000054e-01 2.000000000000000000e+00
5.077170488670000026e+01 4.090394539769999782e-01 6.167375733460000314e-02 4.000000000000000000e+00
8.090181830249999706e+00 4.289056317680000063e-01 1.061331255460000067e+00 1.000000000000000000e+00
1.098758059510000038e+02 5.320605191899999697e-01 4.383348859899999783e-01 3.000000000000000000e+00
5.910787647930000333e+00 6.599638126150000339e-01 1.139211140139999995e-01 1.000000000000000000e+00
