5.318781605834542459e-02
5.117522913951758623e-01
2.712380817355342644e-01
3.758083380187966505e-01
6.146945232407188264e-01
4.242443330989998929e-01
5.308315213630732110e-01
4.516036496260201760e-01
1.895427176172625183e-01
4.850464182821342396e-01
5.739622517615740049e-01
2.696382501582577085e-01
4.497047399263128797e-01
3.756376960591544800e-01
1.656175752529615575e-01
4.166457679815885329e-01
6.201069121299999098e-01
3.762349503829999775e-01
3.927667279129800071e-01
1.484867278781594468e-01
5.018494777288695641e-01
4.135063861569506782e-01
5.398908598175581330e-01
4.017237510785095500e-01
5.879094783910000510e-01
2.592329774091352568e-01
3.438910723259234192e-01
8.039131103506104159e-01
6.583681052973948400e-02
1.175269861657041448e-01
3.242183452448493819e-01
9.160176939170003863e-01
2.179188593410001096e-01
7.542397385302670454e-01
3.058142053581901498e-01
6.427088661113039558e-01
5.325910021850115417e-01
2.790287933163865808e-01
3.170509805923822366e-01
4.414789205901390456e-01
2.862425612155974908e-01
4.646845485570000323e-01
5.036119921327428806e-01
6.333621597546089665e-01
3.947304377554157195e-01
5.818185375263921211e-01
5.350654838514329326e-01
3.455311047567912741e-01
1.472125194539999349e-01
7.332417750839496096e-01
4.629182719323934325e-01
5.443220564439580356e-01
4.866200767374490033e-01
1.204525962680614848e-01
1.812831444536243120e-01
5.209358998462204626e-01
5.959575880944704140e-01
3.145446202344411857e-01
4.614739991260920493e-01
2.177920537893755781e-01
4.039425843399799265e-01
2.886273137592583748e-01
1.015907321857887208e-01
2.053772789610100180e-01
4.833968138535660874e-01
5.403345864539998988e-01
1.931402869887091922e-01
2.651750305076606695e-01
2.747994810793459308e-01
7.443762841876525593e-01
3.681203127668138952e-01
2.207282565068606484e-01
4.348540318020502893e-01
2.100663044709538962e-01
1.460456294751487361e-01
4.309875897416899360e-01
4.287994947891713426e-01
4.131643162971984640e-01
3.209102787268031109e-01
3.663877092907212862e-01
5.520324244010168524e-01
