5.793645877280000356e+00 6.652330990210000294e-01 2.031755026349999937e+00 2.000000000000000000e+00
4.730877913020000136e+01 5.312030345820000221e-01 1.027337841270000024e-01 1.000000000000000000e+00
5.937970704119999610e+00 1.253200965800000122e-01 2.389113939510000006e-01 3.000000000000000000e+00
6.803624625930000391e+00 2.870145564539999805e-01 2.862924123330000126e-01 1.000000000000000000e+00
6.797739131180000172e+00 6.402721331109999525e-01 1.407756016199999960e-01 1.000000000000000000e+00
7.398073261020000402e+00 3.108361173620000084e-01 1.716506630849999882e-01 1.000000000000000000e+00
5.975518934100000124e+00 5.255409281809999555e-01 2.489306667329999889e-01 1.000000000000000000e+00
5.798654623430000044e+00 7.570871792950000234e-01 2.128482584689999901e-01 1.000000000000000000e+00
6.345498095860000021e+00 4.371247967329999762e-01 6.322665136649999740e-01 4.000000000000000000e+00
7.462491832219999566e+00 7.087302024789999821e-01 7.133756670319999493e-01 3.000000000000000000e+00
7.707540953729999700e+00 2.052474930740000036e-01 4.239577781009999935e-01 1.000000000000000000e+00
7.471930383880000193e+00 4.213311092609999808e-01 5.362517109130000154e-02 1.000000000000000000e+00
3.474135655300000280e+01 1.956061560669999921e-01 9.442432694150000583e-02 2.000000000000000000e+00
4.379243871039999902e+00 9.272329512860000289e-01 3.478745718569999923e-01 3.000000000000000000e+00
6.022250429449999665e+00 6.214636730839999679e-01 7.301271446960000411e-01 3.000000000000000000e+00
6.353169475399999655e+00 8.555845498390000081e-01 6.741861079059999762e-01 1.000000000000000000e+00
5.672342273409999969e+00 4.966213263109999776e-01 5.947239586200000483e-01 2.000000000000000000e+00
3.855085881189999952e+00 8.652153766519999900e-01 2.036460375019999991e-01 1.000000000000000000e+00
6.608075260749999735e+00 3.908920486590000132e-01 6.721981687119999993e-01 2.000000000000000000e+00
6.285208805619999950e+00 4.895463934159999808e-01 7.207795856659999778e-01 1.000000000000000000e+00
7.626321679590000180e+00 2.172296642469999928e-01 3.149647623990000089e-01 1.000000000000000000e+00
6.681657856190000189e+00 3.893013621909999777e-01 1.245116201589999971e-01 2.000000000000000000e+00
2.624207310390000103e+01 6.201069121300000209e-01 7.529007783969999812e-01 4.000000000000000000e+00
2.948401738540000139e+01 3.762349503829999775e-01 3.100355072639999765e-01 2.000000000000000000e+00
1.328139864889999977e+01 4.081630452000000187e-01 6.043008923669999921e-02 1.000000000000000000e+00
5.314892475069999733e+00 6.229000188379999470e-01 7.872901502970000021e-01 1.000000000000000000e+00
7.157446131300000403e+00 4.130617604790000064e-01 5.526054291759999737e-01 3.000000000000000000e+00
6.375831090710000204e+00 2.729688001889999938e-01 3.359388879460000199e-01 1.000000000000000000e+00
7.145177342520000252e+00 5.193543976629999559e-01 6.113600470000000175e-01 1.000000000000000000e+00
4.735782202080000047e+01 3.528978027870000034e-01 1.235823958070000061e-01 4.000000000000000000e+00
6.068460998459999978e+00 5.525893268989999774e-01 3.916024624469999771e-01 1.000000000000000000e+00
4.097154653229999610e+00 6.607930468629999998e-01 8.222241758320000260e-01 4.000000000000000000e+00
6.253747262020000086e+00 2.008995565180000109e-01 2.319924689270000118e-01 3.000000000000000000e+00
4.670999513289999960e+00 7.191906817759999848e-01 3.371449859449999753e-01 1.000000000000000000e+00
5.635412665889999673e+00 7.766843714300000201e-01 2.523397728680000229e-01 3.000000000000000000e+00
6.724498402050000045e+00 2.870326248480000175e-01 4.206854926049999888e-01 1.000000000000000000e+00
7.351081062309999581e+00 3.673319035090000240e-01 4.631873217999999959e-01 1.000000000000000000e+00
7.649056673809999651e+00 1.750139768220000114e-01 4.381146592049999788e-01 1.000000000000000000e+00
4.004501969929999916e+01 3.452700182169999854e-01 4.457215784799999914e-01 4.000000000000000000e+00
2.274094967910000165e+01 7.599589598620000164e-01 1.575561848580000035e+00 2.000000000000000000e+00
1.529972702649999938e+01 7.453054949510000415e-02 2.520759454040000236e-01 1.000000000000000000e+00
8.204381396360000522e+00 5.698068791410000333e-01 1.418174465389999972e-01 4.000000000000000000e+00
6.446712585500000259e+00 3.355051428479999820e-01 5.937458387640000002e-01 1.000000000000000000e+00
6.802847864990000382e+00 4.652235198129999749e-01 1.534362476660000030e-01 1.000000000000000000e+00
5.891695021980000391e+00 3.124730649460000231e-01 1.436651086619999962e+00 2.000000000000000000e+00
7.150963601259999969e+00 8.060286191579999482e-01 4.779040727869999783e-01 1.000000000000000000e+00
5.303581633390000327e+00 7.741881578279999898e-01 4.099460801550000033e-01 2.000000000000000000e+00
7.212689666870000238e+00 3.191962211839999841e-01 1.068807264579999944e-01 4.000000000000000000e+00
1.634407499920000006e+01 2.202317508859999995e-01 1.083325492429999988e-02 1.000000000000000000e+00
7.910020757219999865e+00 6.590385627939999713e-01 3.653494152980000242e-01 1.000000000000000000e+00
7.396261253259999613e+00 5.444582418140000435e-01 3.214696220709999941e-01 4.000000000000000000e+00
6.361923659420000376e+00 3.061852666659999889e-01 5.758484927110000262e-01 1.000000000000000000e+00
7.075933308759999818e+00 1.044046182140000029e-01 4.163861829539999837e-01 2.000000000000000000e+00
4.089037722419999632e+00 7.556980971019999771e-01 2.872884888530000125e-01 4.000000000000000000e+00
5.442904992629999938e+00 5.893936723360000407e-01 4.808189994350000052e-01 1.000000000000000000e+00
7.015772253079999743e+00 5.011971962829999683e-01 2.320770285779999997e-01 1.000000000000000000e+00
6.050679516879999831e+00 6.695928724280000299e-01 6.755740033479999962e-01 4.000000000000000000e+00
5.170892707850000214e+00 5.200947212640000261e-01 3.495235028059999749e-01 3.000000000000000000e+00
5.265012029970000285e+00 7.997765511329999466e-01 1.975006525290000092e-01 2.000000000000000000e+00
1.464083680439999924e+01 1.472125194539999904e-01 1.715207374730000067e-01 1.000000000000000000e+00
5.109651202090000233e+00 6.583933160479999991e-01 8.925504159310000685e-02 3.000000000000000000e+00
6.438888708650000403e+00 6.134638180160000287e-01 2.670062836229999959e-01 2.000000000000000000e+00
5.901313528870000269e+00 5.447362422610000365e-01 4.263723163459999799e-01 4.000000000000000000e+00
5.729454944329999577e+00 4.880679312089999944e-01 8.874647420190000524e-01 2.000000000000000000e+00
7.966587485139999814e+00 8.594151376799999409e-02 1.550981824019999900e-01 1.000000000000000000e+00
6.798888100320000127e+00 4.543439984050000047e-01 7.752665904169999678e-01 2.000000000000000000e+00
5.240502279620000259e+00 8.547213352810000275e-01 6.256432210310000075e-01 1.000000000000000000e+00
7.211472455680000060e+00 7.285202567709999633e-01 3.793092053209999870e-01 3.000000000000000000e+00
5.373271496310000117e+00 5.535562325639999948e-01 5.263247969789999758e-02 2.000000000000000000e+00
7.310031488689999968e+00 3.112041706870000146e-01 3.894530203580000016e-01 1.000000000000000000e+00
2.551430093760000162e+01 3.145446202350000164e-01 2.353800967609999961e-01 3.000000000000000000e+00
6.545796146199999832e+00 6.910338025140000395e-01 1.335950295860000026e+00 1.000000000000000000e+00
5.698116208600000121e+00 6.459314864590000038e-01 4.576605431539999824e-02 1.000000000000000000e+00
7.480605420939999917e+00 2.683101365969999819e-01 4.159550061739999971e-02 2.000000000000000000e+00
6.568188819310000426e+00 4.960571739460000185e-01 8.816851640379999577e-02 1.000000000000000000e+00
6.375022986020000282e+00 3.752281201289999757e-01 8.852891910110000095e-01 2.000000000000000000e+00
6.308457969160000012e+00 1.899361443969999896e-01 1.409076492999999930e-01 2.000000000000000000e+00
6.678840396300000037e+00 3.855089486800000187e-01 5.398167684389999499e-01 4.000000000000000000e+00
7.707256079939999616e+00 4.458705123260000014e-01 3.025585865820000220e-01 3.000000000000000000e+00
5.116008273520000316e+00 4.138126160119999786e-01 6.852703151119999836e-01 1.000000000000000000e+00
7.434569269739999875e+00 2.532349095390000193e-01 2.127843322809999937e-01 2.000000000000000000e+00
6.932088005079999782e+00 2.192773622530000133e-01 5.164432168970000125e-01 1.000000000000000000e+00
6.993193483349999795e+00 7.396667121409999934e-01 3.030068353509999812e-01 1.000000000000000000e+00
7.720171560659999876e+00 2.041925850790000108e-01 2.250476766679999907e-01 1.000000000000000000e+00
6.750715986850000405e+00 5.195431853120000554e-01 2.769599691999999891e-01 2.000000000000000000e+00
6.951594568450000011e+00 2.456028846249999897e-01 4.031471393089999800e-01 2.000000000000000000e+00
6.810704966520000347e+00 3.772191636319999763e-01 6.574296680869999576e-02 1.000000000000000000e+00
8.135814297450000510e+00 5.070395056559999780e-01 1.756992329719999912e-01 1.000000000000000000e+00
3.697966858419999880e+01 1.186725081529999976e-01 2.573761088870000213e-01 2.000000000000000000e+00
6.214006517529999662e+00 4.402137113110000111e-01 6.271256735129999704e-01 1.000000000000000000e+00
7.714576919719999815e+00 3.782063187820000061e-01 9.235471185679999806e-01 1.000000000000000000e+00
6.362257981339999979e+00 3.605912249550000115e-01 4.516178726279999889e-02 4.000000000000000000e+00
7.193719109979999971e+00 4.355982025469999908e-01 1.642641208139999920e-01 1.000000000000000000e+00
7.216136925759999876e+00 3.739397883460000016e-01 1.548914415419999913e-01 1.000000000000000000e+00
6.227101520029999726e+00 5.437847826220000291e-01 1.952327875100000054e-01 2.000000000000000000e+00
8.090181830249999706e+00 4.289056317680000063e-01 1.061331255460000067e+00 1.000000000000000000e+00
5.910787647930000333e+00 6.599638126150000339e-01 1.139211140139999995e-01 1.000000000000000000e+00
