2.712380817355342644e-01
3.758083380187966505e-01
5.308315213630732110e-01
1.895427176172625183e-01
5.739622517615740049e-01
4.497047399263128797e-01
1.656175752529615575e-01
3.927667279129800071e-01
5.018494777288695641e-01
4.017237510785095500e-01
2.592329774091352568e-01
1.175269861657041448e-01
7.542397385302670454e-01
6.427088661113039558e-01
3.170509805923822366e-01
4.414789205901390456e-01
5.036119921327428806e-01
5.818185375263921211e-01
5.350654838514329326e-01
1.472125194539999349e-01
7.332417750839496096e-01
5.443220564439580356e-01
1.204525962680614848e-01
5.959575880944704140e-01
4.614739991260920493e-01
4.833968138535660874e-01
1.931402869887091922e-01
2.747994810793459308e-01
3.681203127668138952e-01
4.348540318020502893e-01
4.309875897416899360e-01
4.131643162971984640e-01
3.663877092907212862e-01
