6.652330990210000294e-01
1.253200965800000122e-01
2.983975500880000076e-01
2.544752922049999810e-01
1.978030215999999897e-01
1.285049686259999990e-01
5.597581296609999840e-02
3.258527976399999693e-02
1.026372257370000013e-01
1.732587474010000017e-01
2.364468333059999983e-01
2.855882316839999935e-01
3.234410244509999810e-01
3.598049932290000030e-01
3.802398226179999896e-01
3.907616551840000230e-01
4.025340726000000147e-01
3.995062624860000189e-01
3.873033057240000132e-01
3.756949423670000177e-01
3.496342123360000054e-01
3.116475558139999991e-01
2.721592785329999820e-01
2.178413374189999974e-01
1.518068374319999914e-01
8.025361994309999913e-02
2.049730027699999887e-02
7.875973730259999694e-02
1.511606809150000119e-01
2.173248371329999928e-01
2.687738102569999787e-01
3.116529825350000116e-01
3.506585457449999943e-01
3.733504601200000050e-01
3.870227770849999915e-01
4.018334400879999824e-01
4.005673801469999962e-01
3.914101431770000139e-01
3.826181731120000262e-01
3.582010749990000020e-01
3.249561125500000092e-01
2.883142808199999907e-01
2.368769332179999909e-01
1.736241240130000085e-01
1.054496798459999968e-01
3.511137003189999939e-02
5.478694671570000230e-02
1.280451913560000099e-01
1.966824706899999997e-01
2.510434114230000180e-01
2.986350326869999794e-01
3.400872770799999723e-01
3.650131416069999912e-01
3.827018357720000097e-01
3.996084678560000158e-01
4.001128069309999868e-01
3.943089827660000157e-01
3.888441198450000025e-01
3.655270581860000090e-01
3.363638678679999883e-01
3.031990850419999939e-01
2.547793270490000261e-01
1.945078790180000128e-01
1.298926971959999954e-01
5.788503107899999750e-02
3.297836635779999997e-02
1.043797875740000020e-01
1.742323955619999865e-01
2.326660432350000085e-01
2.840198954670000164e-01
3.288543624720000058e-01
3.556676135779999748e-01
3.778028041820000182e-01
3.966375879779999725e-01
3.991496142950000103e-01
3.964424236319999961e-01
3.935972326859999981e-01
3.723553481269999965e-01
3.469308063650000107e-01
3.166301262849999798e-01
2.709434617650000043e-01
2.154848131090000007e-01
1.539217202439999987e-01
8.234182480679999583e-02
2.196419404489999977e-02
8.025654425839999495e-02
1.513713216229999881e-01
2.133480647940000086e-01
2.687911321690000244e-01
3.158134068899999813e-01
3.459367582180000178e-01
3.714363332439999943e-01
3.930729640269999825e-01
3.967041216220000277e-01
3.989129132479999895e-01
3.969349377029999792e-01
3.787178743019999905e-01
3.564292290259999940e-01
3.302870799009999803e-01
2.857876825519999886e-01
2.346835212230000134e-01
2.870145564539999805e-01
1.301969728669999937e-01
3.939702476240000140e-01
1.439247173269999902e-01
1.821460021740000101e-01
1.977904245959999918e-01
2.564755198709999795e-01
3.420199464190000205e-01
1.785346281450000128e-01
5.474708615459999983e-01
1.320549106679999862e-01
4.512108963840000264e-01
3.465867938689999872e-01
1.660776587159999984e-01
5.492577399250000436e-01
6.363925472170000042e-01
3.800946942719999888e-01
3.272409890719999992e-01
6.523888284750000155e-01
2.109417053969999956e-01
1.104476145489999978e-01
5.773903362950000284e-01
2.226314613179999902e-01
4.163059824550000010e-01
2.182202576800000016e-01
5.544434660279999871e-01
6.404856316989999687e-01
6.622055622650000473e-01
4.990783739049999834e-01
4.727421782740000022e-01
6.601123702100000212e-01
4.397180845229999857e-01
1.879928213790000024e-01
6.090148172729999976e-01
1.962432696099999929e-01
4.375279092350000121e-01
6.677669114740000245e-01
6.187336318270000302e-01
6.183853162650000401e-01
6.631630378030000106e-01
6.439567412819999781e-01
5.074768740099999675e-01
2.042178972919999891e-01
3.799992131289999797e-01
2.152569934009999908e-01
6.455224841879999564e-01
1.478815587950000066e-01
2.739329016540000272e-01
6.373501054710000169e-01
3.440147274390000232e-01
4.386095917210000028e-01
6.185967077899999778e-01
5.749417563069999515e-01
1.683582768309999922e-01
4.486429109819999872e-01
2.805874407050000241e-01
1.500708024819999986e-01
5.271296026430000170e-01
1.766370041710000061e-01
2.816585626320000091e-01
2.931498976229999776e-01
2.049020809340000027e-01
1.992370418280000055e-01
1.937423180950000046e-01
5.868165413239999628e-01
1.289311885180000061e-01
3.423159616550000006e-01
3.789958357800000122e-01
3.995408088110000144e-01
2.980346135940000196e-01
2.659306428820000234e-01
2.169149573449999924e-01
1.100785985729999944e-01
1.329523509930000125e-01
1.363338887320000026e-01
1.964952695520000014e-01
6.194430928409999648e-01
3.368018221210000163e-01
5.650577825589999659e-01
5.223478434910000523e-01
1.904130315039999910e-01
3.608784744910000231e-01
2.988240727579999922e-01
1.418990658379999936e-01
1.793919992870000035e-01
2.073112395099999949e-01
5.527312084419999660e-01
1.861676543490000113e-01
6.625051925179999968e-01
1.479379031080000073e-01
6.471034942600000228e-01
6.315755341230000486e-01
1.485884760010000027e-01
3.773819639309999863e-01
6.003728490919999494e-01
2.004237216139999889e-01
4.464933910980000142e-01
6.268011728950000361e-01
2.192411975540000113e-01
1.469419606759999886e-01
6.402721331109999525e-01
3.108361173620000084e-01
5.255409281809999555e-01
4.367331509740000062e-01
5.536511090810000146e-01
4.853236184170000023e-01
5.406290662830000038e-01
5.431764597010000362e-01
5.724739947750000502e-01
5.733319371339999915e-01
5.691794217310000015e-01
5.538166450670000129e-01
5.181484449750000110e-01
5.351773502459999943e-01
4.588591126509999896e-01
5.820198731669999903e-01
4.210471892830000007e-01
6.365250032410000314e-01
4.140140746389999737e-01
6.069740526900000432e-01
4.398740690080000237e-01
5.415122029109999957e-01
4.952663185260000045e-01
5.336114676300000026e-01
5.602026834390000376e-01
5.589511511720000048e-01
5.878663719600000226e-01
5.513910811759999975e-01
5.598750609720000160e-01
5.061927685599999505e-01
5.429962086870000482e-01
4.569808178559999767e-01
5.950400884650000055e-01
4.264146638110000165e-01
6.369064118320000301e-01
4.225876187340000256e-01
5.925370585360000275e-01
4.495028293539999886e-01
5.286497032060000212e-01
5.090051297030000477e-01
5.232535532990000293e-01
5.773825028110000090e-01
5.419801016049999864e-01
5.992133779289999795e-01
5.330670173279999924e-01
5.621458366470000190e-01
4.980745244209999756e-01
5.500737382789999685e-01
4.619639756869999836e-01
6.054057796470000419e-01
4.402103940279999961e-01
6.325973104800000080e-01
4.381090371149999885e-01
5.762069272669999576e-01
4.633635913610000268e-01
5.151156106119999523e-01
5.253295940150000121e-01
5.087830125310000007e-01
5.940385703370000270e-01
5.217783936659999844e-01
6.060331111569999818e-01
5.152082263060000500e-01
5.615882130249999493e-01
4.934485225890000160e-01
5.568167624730000487e-01
4.725760563170000039e-01
6.124188188500000463e-01
4.599785076899999825e-01
6.235129619320000094e-01
4.572687701800000060e-01
5.588674846700000254e-01
4.796004894750000025e-01
5.003950666869999564e-01
5.425977402660000504e-01
4.912074897050000000e-01
6.093723625839999603e-01
4.993973660350000121e-01
6.083542891390000262e-01
4.987338882540000018e-01
5.587135928799999984e-01
4.923307813650000253e-01
5.627404819660000168e-01
4.876829642639999851e-01
6.154585428059999863e-01
4.826787226470000136e-01
6.109588725390000530e-01
4.771182892270000031e-01
5.410682445519999773e-01
4.962355779889999763e-01
4.841588198569999890e-01
5.604757353420000143e-01
4.709710017329999943e-01
6.217805597179999477e-01
4.764252126960000222e-01
6.064854983830000323e-01
4.843081230529999726e-01
5.546021857830000235e-01
4.943273444679999740e-01
5.675169047600000516e-01
5.054242914680000531e-01
6.135088774850000481e-01
5.055022083839999514e-01
7.570871792950000234e-01
4.371247967329999762e-01
7.087302024789999821e-01
2.052474930740000036e-01
2.327597831859999911e-01
2.183955338380000055e-01
1.926366817419999933e-01
1.563403853689999956e-01
1.162204746620000007e-01
9.680157742599999893e-02
1.243292883449999969e-01
1.756091467229999870e-01
2.244377888230000007e-01
2.599217842730000005e-01
2.782548905030000075e-01
2.769249487459999881e-01
2.562623396629999939e-01
2.164308665780000085e-01
1.611973941070000138e-01
1.040376023020000013e-01
8.761013435499999391e-02
1.326794932779999936e-01
1.891645521910000072e-01
2.338607630760000111e-01
2.611340404270000026e-01
2.694460756129999912e-01
2.603381468839999768e-01
2.347607721090000099e-01
1.957780136979999919e-01
1.503902742740000076e-01
1.138705616529999964e-01
1.077442966550000020e-01
1.308891771029999929e-01
1.620495268059999883e-01
1.903179783900000033e-01
2.120173131960000068e-01
2.257480331870000134e-01
2.297349850139999983e-01
2.235471985290000130e-01
2.078772678230000059e-01
1.844522780610000079e-01
1.548349616470000023e-01
1.236912233740000006e-01
1.054185547670000028e-01
1.206007255440000037e-01
1.616455743759999952e-01
2.068493803249999985e-01
2.431109963970000121e-01
2.648377294809999838e-01
2.695702000010000154e-01
2.565092171580000135e-01
2.244579872939999887e-01
1.756850563400000065e-01
1.184831192219999996e-01
8.458067451089999744e-02
1.169493191629999984e-01
1.761806358909999981e-01
2.281151194340000077e-01
2.631520781850000268e-01
2.787314516039999801e-01
2.750505516969999897e-01
2.521300366390000214e-01
2.128129713030000036e-01
1.621415464840000042e-01
1.138932901579999962e-01
9.786369367790000162e-02
1.257322176660000124e-01
1.658191279010000074e-01
1.994921558509999970e-01
2.223332998860000076e-01
2.338863116329999992e-01
2.336778162879999954e-01
2.227101276940000041e-01
2.023476113359999884e-01
1.760332126090000116e-01
1.484772614390000023e-01
1.248653490439999986e-01
1.136106696299999941e-01
1.245170544560000037e-01
1.555266392640000106e-01
1.933528436879999868e-01
2.263853653160000090e-01
2.485425513120000096e-01
2.564486109640000122e-01
2.488240477779999904e-01
2.248294975750000091e-01
1.846209172709999957e-01
1.329565348550000026e-01
9.073578158110000291e-02
1.041025954280000027e-01
1.591638768820000105e-01
2.149839694169999871e-01
2.570429877679999975e-01
2.801502171349999903e-01
2.832615569640000164e-01
2.663479143379999803e-01
2.305786803240000016e-01
1.790907701009999964e-01
1.225953086919999990e-01
9.022042760800000338e-02
1.149224121820000000e-01
1.633039123439999907e-01
2.055904943159999887e-01
4.213311092609999808e-01
9.272329512860000289e-01
6.214636730839999679e-01
8.555845498390000081e-01
4.966213263109999776e-01
4.708910465250000232e-01
5.233702235839999828e-01
6.049644499599999836e-01
5.782163022570000477e-01
6.766184807049999694e-01
7.018163369809999885e-01
5.285963775459999736e-01
5.538619709369999589e-01
4.804995360959999906e-01
5.041658861790000445e-01
4.465797806799999825e-01
6.568181658570000359e-01
6.299166645489999716e-01
6.864455973449999915e-01
6.403564524239999667e-01
6.910770486680000158e-01
4.500044110259999730e-01
5.225885706880000203e-01
4.386256521729999802e-01
5.436445114379999666e-01
4.783028204570000108e-01
7.038303448220000202e-01
6.601692932129999969e-01
6.412578720960000478e-01
6.136362975710000223e-01
5.942766950250000235e-01
4.567975561970000209e-01
4.777110713159999911e-01
5.492481860690000550e-01
5.701181840090000508e-01
5.997236398270000546e-01
6.903005866589999595e-01
6.949209361639999694e-01
5.154164039349999893e-01
5.863393557380000010e-01
4.596874372409999743e-01
4.886388656230000183e-01
4.426175674560000051e-01
6.662573802829999670e-01
5.978813715230000270e-01
6.921078538339999753e-01
6.682392267279999576e-01
6.845848278399999653e-01
4.542088261250000203e-01
5.429622822559999618e-01
4.512075125489999894e-01
5.145710126439999588e-01
4.882072563309999835e-01
7.070672929939999518e-01
6.417340724219999792e-01
6.223993153950000412e-01
6.468126256159999476e-01
5.684029456100000433e-01
4.557500904910000150e-01
4.798548605779999754e-01
5.693629713650000257e-01
5.365583441369999873e-01
6.257815698790000214e-01
7.045899244269999695e-01
6.913495733190000436e-01
5.109047100800000463e-01
6.146148328980000075e-01
4.441208859660000230e-01
4.734874733200000185e-01
4.392021785469999995e-01
6.694546073179999945e-01
5.699392301319999854e-01
6.916544259539999517e-01
6.923252444890000135e-01
6.726687959789999782e-01
4.616365955739999971e-01
5.571145238029999724e-01
4.677094805940000266e-01
4.890054410240000093e-01
5.064469191189999719e-01
7.073752045129999555e-01
6.291882327509999984e-01
6.090032147730000123e-01
6.735271960549999992e-01
5.388158131260000205e-01
4.567701903729999846e-01
4.763743080619999848e-01
5.814873636759999576e-01
5.078867363100000309e-01
6.504968892450000428e-01
7.135625211499999621e-01
6.916646904719999656e-01
5.153735059780000238e-01
6.359235548949999650e-01
4.363539062299999771e-01
4.627826564809999765e-01
4.383027014679999889e-01
6.658493182000000399e-01
5.485107356789999944e-01
6.871444547070000297e-01
7.086793189760000056e-01
6.551917281539999527e-01
4.738817596589999792e-01
5.624932814349999921e-01
8.652153766519999900e-01
3.908920486590000132e-01
4.079620699379999937e-01
3.486870612249999835e-01
3.542070905499999922e-01
3.984986846699999918e-01
4.931668592490000003e-01
5.495262714299999907e-01
5.587928679239999585e-01
4.821772424479999763e-01
4.111467359520000198e-01
3.452470428159999938e-01
3.526482481029999949e-01
4.075887396019999831e-01
4.893531410729999864e-01
5.540113314960000146e-01
5.593863872490000277e-01
4.745362756179999919e-01
4.129667230010000134e-01
3.439363780490000133e-01
3.508798413090000179e-01
4.169442248610000235e-01
4.860217989060000021e-01
5.581996548759999843e-01
5.578053183750000255e-01
4.705419387190000191e-01
4.117072623040000101e-01
3.447345783399999863e-01
3.491749282609999949e-01
4.237890589050000156e-01
4.850224376789999958e-01
5.614578207960000400e-01
5.548426455070000207e-01
4.702950309869999845e-01
4.068653935450000092e-01
3.463029668529999938e-01
3.482662232320000162e-01
4.268127545809999868e-01
4.870293960939999778e-01
5.638521757309999938e-01
5.500001846159999763e-01
4.725828934390000069e-01
3.990596631219999746e-01
3.479635275840000097e-01
3.493954368150000156e-01
4.262744300879999781e-01
4.927943716789999762e-01
5.644040031439999661e-01
5.443574342889999640e-01
4.764436617100000215e-01
3.899152332360000250e-01
3.493130593170000187e-01
3.527709719880000039e-01
4.232708419869999905e-01
5.010682091920000136e-01
5.636279822349999913e-01
5.390291031589999893e-01
4.798573670090000021e-01
3.824516546050000243e-01
3.497159414329999993e-01
3.584271408540000148e-01
4.196569127640000230e-01
5.102599151500000207e-01
5.619094365829999660e-01
5.347772275019999633e-01
4.811583230709999826e-01
3.778881358999999773e-01
3.491705245669999846e-01
3.643683694109999816e-01
4.167758209030000272e-01
5.183685373349999903e-01
5.597689810649999487e-01
5.332004794610000209e-01
4.791328905600000243e-01
3.766376998809999876e-01
3.472296563200000241e-01
3.687345232199999989e-01
4.160662119410000193e-01
5.233284295950000331e-01
5.585252927610000473e-01
5.338649272690000336e-01
4.727623788320000076e-01
3.778980709800000004e-01
3.441465378629999794e-01
3.708031452500000213e-01
4.187605672129999790e-01
5.252233327049999900e-01
5.579645977789999822e-01
5.362794260030000482e-01
4.634331946620000031e-01
3.804220340750000262e-01
3.411962042910000048e-01
3.703014220970000103e-01
4.251628018959999755e-01
5.240527919020000480e-01
5.583942957659999706e-01
5.393876442010000494e-01
4.531467072520000139e-01
3.834601057700000037e-01
3.394738271480000069e-01
3.683898643440000065e-01
4.895463934159999808e-01
2.172296642469999928e-01
2.281842651479999984e-01
1.371898767299999933e-01
1.131784865959999942e-01
1.822366776290000046e-01
2.225471837920000029e-01
1.387284031669999973e-01
1.276250237069999904e-01
1.852068844489999921e-01
2.119276343200000023e-01
1.378324955899999926e-01
1.415535512609999991e-01
1.930664374690000129e-01
1.986143319070000079e-01
1.326015843239999881e-01
1.519631115089999929e-01
2.045213785880000135e-01
1.848796834520000099e-01
1.231186641800000037e-01
1.578604346670000047e-01
2.167519276859999899e-01
1.739614765620000059e-01
1.109044932530000027e-01
1.590130007560000003e-01
2.269519403340000130e-01
1.676588466710000058e-01
9.935062995769999850e-02
1.574870319049999912e-01
2.329734855449999975e-01
1.665104335300000016e-01
9.267541191679999624e-02
1.557149337020000135e-01
2.335638371179999950e-01
1.685341807059999863e-01
9.389973079070000617e-02
1.571233049749999888e-01
2.286337457829999975e-01
1.708720602129999988e-01
1.018185431360000004e-01
1.634105898919999966e-01
2.196638282629999883e-01
1.706929906490000093e-01
1.125258103790000019e-01
1.748693563079999902e-01
2.083990521590000089e-01
1.659654177069999903e-01
1.218240496990000005e-01
1.890314066509999891e-01
1.981288934850000127e-01
1.564422002860000049e-01
1.275301324620000121e-01
2.034606770609999893e-01
1.910352213389999998e-01
1.427905332620000023e-01
1.288315272620000063e-01
2.149384303920000017e-01
1.890980882449999900e-01
1.274322617479999864e-01
1.272426847919999882e-01
2.219929893300000012e-01
1.915491843140000039e-01
1.136977509880000015e-01
1.253048649940000092e-01
2.234123013250000067e-01
1.966338373859999877e-01
1.051390622140000036e-01
1.265593737959999909e-01
2.198678542710000017e-01
2.010798325070000114e-01
1.035765053369999966e-01
1.334639160880000119e-01
2.128473069640000048e-01
2.026021569249999987e-01
1.073042995610000022e-01
1.457389580529999951e-01
2.047922520709999916e-01
1.990947787179999928e-01
1.126550660639999979e-01
1.613407463300000066e-01
1.987457646559999958e-01
1.904857378560000092e-01
1.159939818009999984e-01
1.766768880990000068e-01
1.968512320699999929e-01
1.772324895000000067e-01
1.155660331649999983e-01
1.894176168889999956e-01
1.999735500179999903e-01
1.616488942010000096e-01
1.113907867340000052e-01
1.972377131320000032e-01
2.070215432639999908e-01
1.464510254220000030e-01
1.055879550730000060e-01
2.000041534010000011e-01
2.152936294670000084e-01
1.348197264369999926e-01
1.017866759639999980e-01
1.979862742359999872e-01
2.222223408410000101e-01
3.893013621909999777e-01
4.081630452000000187e-01
4.046623901459999728e-01
3.750548807040000043e-01
3.803039223640000133e-01
4.104181492830000222e-01
4.097261656869999880e-01
3.781689371320000048e-01
3.734482478160000007e-01
4.045075740599999858e-01
4.102694117960000164e-01
3.825881933990000205e-01
3.740294156449999741e-01
4.032298011450000108e-01
4.138178288259999893e-01
3.869765870660000218e-01
3.688744334440000050e-01
3.965943872289999783e-01
4.132913455030000072e-01
3.918204110679999741e-01
3.710444047470000117e-01
3.945937697140000089e-01
4.149209182560000264e-01
3.962203356949999811e-01
3.684319027779999756e-01
3.875446546719999996e-01
4.132652775719999894e-01
4.005521610009999955e-01
3.726107035680000235e-01
3.856242134260000065e-01
4.126831610300000230e-01
4.042569947679999776e-01
3.722663973529999892e-01
3.788705402240000186e-01
4.097661381380000023e-01
4.077769795549999743e-01
3.782230668820000252e-01
3.776950544750000138e-01
4.072956338500000051e-01
4.100494323600000213e-01
3.796665831809999947e-01
3.719812843449999962e-01
4.032718437450000248e-01
4.127830189300000230e-01
3.864895718079999765e-01
3.724755575470000135e-01
3.995665594619999816e-01
4.132558413290000066e-01
3.888528593469999795e-01
3.681888539800000082e-01
3.950277667970000239e-01
4.149241792039999877e-01
3.956886607849999793e-01
3.711908684079999743e-01
3.906457323129999826e-01
4.134170398329999885e-01
3.976794484899999760e-01
3.689538991010000157e-01
3.859790496070000243e-01
4.137117993669999771e-01
4.041389289099999726e-01
3.741882817059999922e-01
3.819563575959999957e-01
4.101143933970000099e-01
4.051057906450000190e-01
3.739736673560000169e-01
3.774603399940000270e-01
4.092022685289999906e-01
4.106799499580000012e-01
3.810020930910000270e-01
3.748061903079999979e-01
4.038214129509999917e-01
4.103413848640000139e-01
3.819287265910000229e-01
3.712373622299999787e-01
4.020779200810000176e-01
4.148103907340000007e-01
3.899635398660000196e-01
3.706567091549999859e-01
3.957509194669999730e-01
4.127352960119999858e-01
3.910745817490000054e-01
3.687582227699999771e-01
3.933730000569999885e-01
4.159080648149999782e-01
3.989080039019999857e-01
3.709733526180000185e-01
3.868191684130000141e-01
4.118202624789999988e-01
3.996740242569999935e-01
3.706488934320000261e-01
3.844139079280000093e-01
4.134519590849999870e-01
4.067878248869999935e-01
3.755583787560000109e-01
3.782925778219999868e-01
4.076417598639999751e-01
4.065316310930000010e-01
3.766355690870000217e-01
3.764430690209999986e-01
4.078613404349999971e-01
6.229000188379999470e-01
4.130617604790000064e-01
2.729688001889999938e-01
5.193543976629999559e-01
5.525893268989999774e-01
5.144933802590000438e-01
5.064824014359999849e-01
4.951232111359999966e-01
4.898895568259999944e-01
4.896936811979999971e-01
4.941449848980000170e-01
5.046601397059999883e-01
5.145616970209999641e-01
5.056688037390000279e-01
4.771656980769999890e-01
4.602567096579999739e-01
4.724676518879999954e-01
5.005010587920000198e-01
5.273849118910000078e-01
5.438482955329999591e-01
5.437216074680000233e-01
5.186107498590000198e-01
4.719690263790000118e-01
4.389225902750000241e-01
4.541440993740000209e-01
5.010190429469999485e-01
5.439490412359999638e-01
5.659764058359999517e-01
5.628536246319999492e-01
5.336488559269999543e-01
4.841161009889999867e-01
4.404504577169999768e-01
4.426729193219999803e-01
4.886763566310000084e-01
5.348259869050000503e-01
5.558504321520000291e-01
5.518783317969999658e-01
5.287208880579999937e-01
4.927871081010000154e-01
4.590495109009999908e-01
4.525623558710000216e-01
4.817765402279999831e-01
5.149601881399999970e-01
5.242811636059999669e-01
5.161147670010000077e-01
5.034052843220000462e-01
4.909811024799999868e-01
4.821385806760000170e-01
4.836378902180000217e-01
4.982831316920000031e-01
5.096112123489999757e-01
4.981025583859999828e-01
4.773724228110000078e-01
4.729354200290000199e-01
4.863353065770000261e-01
5.057319699150000236e-01
5.231293669909999888e-01
5.331901932729999904e-01
5.269709308359999955e-01
4.951352748050000252e-01
4.547567384410000080e-01
4.465518059160000219e-01
4.781366180909999986e-01
5.211087046210000073e-01
5.524204054239999495e-01
5.631483282760000320e-01
5.491972414139999481e-01
5.088227835409999678e-01
4.566177151979999849e-01
4.334327163969999841e-01
4.641166328390000095e-01
5.167935792029999531e-01
5.540135642769999924e-01
5.647823386829999848e-01
5.507259693479999996e-01
5.160510237230000463e-01
4.712586314430000090e-01
4.429675700590000043e-01
4.585079849829999943e-01
5.017156533379999450e-01
5.316980675410000190e-01
5.360307094080000168e-01
5.244639395150000327e-01
5.049222266989999985e-01
4.830108821949999909e-01
4.693529490950000271e-01
4.765781874360000003e-01
4.996806194669999868e-01
5.102733183019999563e-01
4.989183063470000179e-01
4.861795799840000210e-01
4.848288757490000211e-01
4.918183098380000118e-01
5.020491527629999950e-01
5.138710529540000405e-01
5.215479862609999628e-01
5.104592976320000419e-01
4.774239213529999915e-01
4.533765989199999846e-01
4.644275086840000122e-01
4.978065226280000144e-01
5.308062343639999847e-01
5.510637849239999886e-01
5.521721767720000340e-01
6.607930468629999998e-01
2.008995565180000109e-01
5.432100985569999763e-01
1.938726202630000062e-01
5.481301353840000168e-01
1.388947717419999894e-01
5.498850590260000448e-01
1.072198809419999954e-01
5.487404502989999822e-01
1.239354347559999958e-01
5.448754891289999680e-01
1.747087784440000124e-01
5.383794799440000389e-01
2.330685084530000062e-01
5.292312453459999677e-01
2.887937937630000174e-01
5.174569997269999888e-01
3.387630364959999807e-01
5.032382034939999471e-01
3.820772685589999829e-01
4.831781500230000193e-01
4.188344495269999967e-01
4.608476811760000014e-01
4.495635444189999830e-01
4.326182424450000230e-01
4.748900377979999865e-01
3.983061023059999983e-01
4.952205827639999947e-01
3.575057211720000239e-01
5.116551853880000333e-01
3.099129575380000223e-01
5.258919671699999743e-01
2.557663493289999979e-01
5.357594795910000096e-01
1.972148125809999875e-01
5.436824523879999482e-01
1.413142464680000043e-01
5.489966608730000308e-01
1.068438452090000046e-01
5.514890112850000525e-01
1.221146963839999933e-01
5.509797845470000288e-01
1.718835649799999865e-01
5.472403847800000332e-01
2.302092731969999917e-01
5.400125270950000278e-01
2.862944589110000271e-01
5.290661321880000267e-01
3.367977897669999776e-01
5.142152117889999818e-01
3.810668504299999926e-01
4.955028512160000176e-01
4.192443849799999955e-01
4.719328520750000200e-01
4.517709512529999860e-01
4.433269784509999978e-01
4.791216067499999842e-01
4.095146529129999879e-01
5.016966804060000173e-01
3.691040002320000180e-01
5.197225578790000133e-01
3.222037349760000224e-01
5.332547007550000329e-01
2.690428096220000009e-01
5.446812886070000470e-01
2.108620800119999916e-01
5.506880361449999484e-01
1.524069655049999916e-01
5.538108005830000291e-01
1.098897655999999945e-01
5.540437508390000376e-01
1.132594758319999950e-01
5.510119687160000002e-01
1.598643028939999988e-01
5.448217442799999644e-01
2.196055970090000087e-01
5.355818034889999746e-01
2.769191268739999989e-01
5.232815070180000250e-01
3.291552118780000091e-01
5.077742231459999589e-01
3.744343995630000088e-01
4.887875329949999959e-01
4.129780246060000271e-01
4.659446550620000016e-01
4.452394400679999809e-01
4.389535591479999943e-01
4.718180527909999755e-01
4.057197836449999984e-01
4.933423148159999938e-01
3.674870088250000166e-01
5.103895375789999633e-01
3.221444400169999889e-01
5.234757169189999670e-01
2.701753891170000088e-01
5.330061968370000125e-01
2.134550886699999872e-01
5.397909454220000125e-01
1.568586581449999962e-01
5.452452310950000047e-01
1.141346739090000062e-01
7.191906817759999848e-01
7.766843714300000201e-01
2.870326248480000175e-01
3.673319035090000240e-01
1.750139768220000114e-01
2.741660045139999724e-01
2.445069590189999920e-01
1.995942735619999908e-01
3.640788896289999799e-01
3.106426044019999777e-01
2.876016285770000014e-01
1.974470394539999951e-01
2.222954350319999994e-01
3.153427666290000153e-01
3.133902676649999997e-01
3.357152479669999745e-01
2.012732430789999916e-01
2.729280041989999850e-01
2.934088570239999916e-01
3.750501817279999761e-01
2.723937920339999930e-01
1.779952152700000068e-01
2.227113825639999989e-01
2.872336955490000232e-01
4.001963653919999864e-01
1.497059112720000029e-01
2.085150709839999894e-01
2.310166516130000014e-01
3.910375234210000106e-01
3.427764316599999916e-01
2.123807153220000077e-01
2.034660133139999938e-01
2.164249071650000134e-01
3.904513350809999950e-01
8.917199052690000238e-02
2.434425440920000017e-01
1.568141886870000057e-01
3.250653252090000001e-01
3.502389157870000047e-01
2.979887743429999736e-01
2.744106452460000067e-01
1.487901153600000026e-01
3.128974131019999771e-01
4.823210063299999961e-02
3.385610747669999809e-01
1.010585244059999943e-01
2.369035141949999979e-01
2.807134084830000265e-01
3.702452917319999925e-01
3.596352842719999776e-01
1.624666240440000020e-01
2.262327420870000050e-01
5.745846425849999994e-02
4.046478509759999787e-01
1.010466715640000041e-01
2.016524635070000016e-01
1.905446524209999937e-01
3.728604388880000231e-01
3.912174387799999820e-01
2.490773175999999867e-01
2.104220385309999997e-01
1.013161145839999999e-01
3.803349775609999872e-01
1.498732802290000110e-01
2.567334826120000191e-01
1.712442197869999960e-01
3.049969394359999808e-01
3.463164595289999759e-01
3.188104240769999986e-01
2.843599449640000221e-01
1.557462631740000047e-01
2.901828391069999902e-01
2.089743358020000052e-01
3.477177063790000133e-01
2.374051947620000047e-01
2.172435366849999883e-01
2.589958212299999785e-01
3.226135128959999876e-01
3.733663999390000043e-01
2.143044986110000105e-01
2.144571805230000017e-01
2.434206958310000113e-01
4.023755887989999835e-01
3.142868194640000001e-01
1.942984424449999969e-01
1.923408340530000094e-01
2.675046401780000194e-01
4.006777120460000008e-01
2.589037070479999758e-01
2.282327973090000073e-01
2.152031470970000027e-01
3.776647224590000129e-01
3.444315082980000109e-01
2.686245784140000037e-01
2.084422744470000033e-01
1.971026472100000093e-01
3.368587606930000256e-01
2.606639075389999838e-01
3.141933622759999767e-01
1.373594151989999956e-01
2.925548765889999792e-01
3.093230174350000139e-01
3.590073217090000157e-01
2.869923122920000069e-01
7.453054949510000415e-02
1.014158758230000040e-01
4.817448609589999875e-02
9.882852967350000406e-02
1.525622977670000047e-01
1.664493643730000083e-01
1.375789752050000092e-01
7.794740880940000116e-02
5.962936369309999873e-02
1.211686923140000011e-01
1.643539965980000128e-01
1.659770011470000084e-01
1.241284625859999935e-01
5.901992964640000172e-02
7.521001987780000231e-02
1.368072089600000096e-01
1.651143095850000075e-01
1.505244804810000059e-01
9.865673677529999963e-02
5.096729167450000236e-02
1.009839067799999934e-01
1.554124640810000124e-01
1.716315921519999954e-01
1.432470968160000080e-01
8.062386964770000553e-02
5.584552946230000176e-02
1.174563963559999979e-01
1.591126299039999914e-01
1.593933864619999918e-01
1.188123404140000033e-01
5.817181466199999873e-02
7.888151649959999900e-02
1.414455093439999922e-01
1.718507937060000101e-01
1.578147677239999935e-01
1.038998645839999957e-01
4.990111092300000134e-02
9.598235436020000066e-02
1.487222987980000022e-01
1.637974805919999999e-01
1.365798789190000029e-01
7.679529171000000487e-02
5.865414862789999906e-02
1.229012408390000033e-01
1.666478508929999935e-01
1.673306510929999935e-01
1.250801576360000000e-01
6.130661119090000111e-02
7.446325672759999958e-02
1.344516315169999865e-01
1.637974813920000106e-01
1.510347268839999924e-01
9.919522364180000107e-02
4.893893291089999875e-02
1.006874591429999938e-01
1.558726345760000076e-01
1.712461658739999892e-01
1.423903516499999966e-01
8.129949486930000691e-02
5.725674623180000006e-02
1.169183093859999939e-01
1.594168287449999888e-01
1.614915856570000030e-01
1.212425312710000008e-01
5.787598895139999672e-02
7.685841069319999941e-02
1.401675570479999910e-01
1.698240875710000097e-01
1.552488050289999866e-01
1.025864314659999943e-01
5.166232521559999818e-02
9.693533920959999939e-02
1.503958983850000042e-01
1.672090480210000063e-01
1.405557716989999928e-01
7.901030766630000313e-02
5.599805412770000185e-02
1.202001709720000033e-01
1.632255814590000131e-01
1.633174392129999875e-01
1.220816027620000022e-01
6.100024041339999897e-02
7.643391391510000188e-02
1.371683531640000009e-01
1.681337273959999934e-01
1.559490709989999890e-01
1.030611798740000001e-01
4.832318417289999807e-02
9.715111198930000136e-02
1.515608616939999875e-01
1.664402263929999903e-01
1.385463965139999976e-01
7.926466445299999719e-02
5.867944002690000244e-02
1.200264886639999945e-01
1.640244369140000102e-01
1.665384139759999993e-01
1.254934071530000028e-01
6.027227288979999931e-02
7.369573325980000034e-02
5.698068791410000333e-01
3.355051428479999820e-01
4.652235198129999749e-01
3.124730649460000231e-01
8.060286191579999482e-01
8.499269503719999452e-01
7.139224237579999688e-01
6.628168957450000232e-01
7.771188523669999570e-01
8.735989987369999765e-01
7.901826230549999774e-01
6.664312638710000458e-01
7.010281605920000159e-01
8.388195065719999954e-01
8.529529244739999516e-01
7.186561552179999701e-01
6.575708352410000179e-01
7.667204280889999835e-01
8.694943577270000112e-01
7.914713780019999589e-01
6.643379974940000210e-01
6.944852692099999780e-01
8.331248401809999704e-01
8.491576248619999712e-01
7.139500241459999508e-01
6.533054769330000067e-01
7.646708748530000044e-01
8.651570944490000192e-01
7.814752672520000054e-01
6.566200475550000304e-01
6.957745275519999772e-01
8.346774111810000285e-01
8.375552615819999991e-01
6.982345063579999955e-01
6.520777960329999789e-01
7.741128454719999885e-01
8.601815083999999612e-01
7.589228644650000133e-01
6.456516207660000228e-01
7.084291382440000007e-01
8.428882609050000196e-01
8.158617133829999535e-01
6.742747710930000471e-01
6.590751267859999984e-01
7.951162256470000189e-01
8.500474269659999971e-01
7.255380055719999888e-01
6.386889414009999655e-01
7.348130610419999487e-01
8.516180898120000453e-01
7.827224625950000014e-01
6.502438864890000003e-01
6.801099236169999562e-01
8.219869384719999950e-01
8.292433420639999664e-01
6.884289531210000535e-01
6.448834370639999758e-01
7.715529274510000146e-01
8.520025129370000228e-01
7.423536249209999882e-01
6.372969615839999546e-01
7.149615867999999930e-01
8.445227469449999580e-01
7.979804998330000121e-01
6.591157571179999675e-01
6.671325411420000462e-01
8.088705264129999462e-01
8.400746157649999768e-01
7.054707845940000333e-01
6.409336578809999851e-01
7.550789706499999587e-01
8.552918207390000083e-01
7.652630319300000039e-01
6.450343298559999550e-01
6.984857773149999449e-01
8.369801931050000476e-01
8.220257934500000419e-01
6.810212346909999548e-01
6.564267558040000061e-01
7.893066106889999878e-01
8.566069743930000424e-01
7.410692237820000194e-01
6.443909795029999499e-01
7.274298058779999909e-01
8.539401991280000104e-01
8.075500954280000476e-01
6.704987742869999989e-01
6.734000581979999733e-01
8.120887437710000434e-01
8.558006112020000167e-01
7.298396160900000318e-01
6.495918798230000402e-01
7.463481685189999881e-01
8.631560628419999714e-01
8.026324605129999679e-01
6.698385642459999678e-01
6.842048724879999932e-01
8.231110594180000017e-01
8.582390886890000070e-01
7.303792236859999454e-01
6.546307815109999595e-01
7.529804100789999621e-01
8.678987639249999830e-01
8.073927243659999586e-01
7.741881578279999898e-01
5.161176238589999521e-01
7.303061153890000323e-01
7.187157160420000190e-01
5.382288950589999565e-01
6.251627758990000450e-01
7.824978501289999722e-01
3.191962211839999841e-01
2.956996016080000178e-01
3.437070654589999830e-01
2.782007979660000019e-01
3.603210021770000271e-01
2.792429970420000074e-01
3.528008301119999746e-01
2.814696378279999966e-01
3.527461860289999862e-01
2.661836900449999765e-01
3.683154492999999863e-01
2.650340700000000105e-01
3.597692458569999863e-01
2.723791828659999914e-01
3.572122083320000141e-01
2.617769200019999798e-01
3.713641996309999804e-01
2.586808637699999913e-01
3.616986475660000089e-01
2.704456889340000059e-01
3.567422224899999827e-01
2.663477127139999845e-01
3.692976607360000108e-01
2.617829032749999785e-01
3.586291235519999954e-01
2.761199430040000014e-01
3.512588648789999879e-01
2.788579730019999925e-01
3.621692503200000246e-01
2.733411443509999872e-01
3.508587814540000127e-01
2.880210497010000092e-01
3.409871195809999755e-01
2.964903519789999775e-01
3.502841220990000060e-01
2.903519299199999737e-01
3.389807816529999962e-01
3.035954793769999882e-01
3.265580955979999755e-01
3.160056219940000077e-01
3.343001249370000094e-01
3.093055090530000273e-01
3.240072205519999859e-01
3.200915522839999916e-01
3.091850080599999884e-01
3.346856492210000256e-01
3.153990613289999745e-01
3.272817776120000022e-01
3.074701078009999811e-01
3.352098507790000070e-01
2.908776760419999885e-01
3.506089018210000186e-01
2.954828538559999829e-01
3.422780506809999790e-01
2.914961792440000088e-01
3.473064210080000214e-01
2.745287122689999970e-01
3.625561442010000190e-01
2.773122994219999748e-01
3.530964396699999841e-01
2.786976234640000105e-01
3.553283281099999802e-01
2.635525240489999810e-01
3.698074185699999905e-01
2.642617944489999982e-01
3.591196366919999772e-01
2.716212847560000032e-01
3.586643885549999911e-01
2.608087373299999845e-01
3.719893668959999844e-01
2.593558295580000173e-01
3.601279651190000264e-01
2.718640840800000125e-01
3.570283426309999730e-01
2.671983235279999924e-01
3.690066907619999892e-01
2.638078168369999976e-01
3.561837400580000201e-01
2.793427020190000221e-01
3.504094372379999989e-01
2.811586220039999917e-01
3.609669171870000248e-01
2.762615628080000163e-01
3.476142857880000214e-01
2.923384550900000045e-01
3.390981283689999959e-01
2.996020277390000208e-01
3.482517391250000149e-01
2.935765213179999944e-01
3.350719481700000224e-01
3.082750029119999957e-01
3.238058003429999943e-01
3.192940231829999864e-01
3.316237723170000207e-01
3.123102312850000173e-01
3.196549137229999782e-01
3.245512096800000079e-01
3.058590660050000132e-01
3.376523387750000049e-01
3.123974051000000252e-01
2.202317508859999995e-01
5.388875183689999515e-01
2.904304117250000039e-01
3.518159117210000186e-01
5.549192006769999574e-01
5.727541586659999906e-01
4.297556427620000119e-01
1.832640918369999872e-01
5.046660816539999539e-01
5.825376031029999568e-01
5.127953096930000232e-01
2.045093991649999943e-01
4.152964764100000039e-01
5.696149428319999819e-01
5.593615443520000285e-01
3.701825657899999733e-01
2.680100588359999869e-01
5.327370980109999987e-01
5.805739168939999528e-01
4.781334571459999738e-01
1.451059015820000131e-01
4.647953933610000088e-01
5.788589106020000097e-01
5.404187899929999706e-01
2.952382747169999822e-01
3.476762161699999965e-01
5.539039867639999892e-01
5.730714857509999760e-01
4.326080651859999793e-01
1.789057203159999943e-01
5.024987456070000302e-01
5.824522874590000177e-01
5.147305317939999680e-01
2.094100186249999995e-01
4.121568473250000197e-01
5.691944241519999448e-01
5.603493199739999486e-01
3.740107687559999783e-01
2.630085764910000123e-01
5.312277211560000323e-01
5.805514195180000447e-01
4.802125698160000233e-01
1.463648120000000108e-01
4.621140408580000081e-01
5.784785879799999586e-01
5.420467674329999541e-01
3.000140631370000199e-01
3.435346930709999858e-01
5.532088418380000094e-01
5.735285922899999722e-01
4.355299119189999790e-01
1.747050832860000125e-01
5.003261545060000426e-01
5.821461350429999460e-01
5.162614988649999459e-01
2.143865592850000001e-01
4.087319979210000120e-01
5.685363668949999782e-01
5.615926494070000441e-01
3.778740309090000138e-01
2.580159283219999877e-01
5.301395864860000140e-01
5.806305592060000409e-01
4.824076432739999865e-01
1.480024975229999873e-01
4.591290307909999813e-01
5.779079388860000055e-01
5.431359391019999761e-01
3.048189168470000210e-01
3.392110792940000175e-01
5.521990181250000518e-01
5.743992469409999746e-01
4.385113323440000266e-01
1.706367107179999898e-01
4.987123910530000259e-01
5.818964828539999745e-01
5.178144517670000280e-01
2.194497183630000070e-01
4.049192956589999781e-01
5.676370899079999921e-01
5.624194390369999796e-01
3.817348839399999916e-01
2.528312793360000255e-01
5.287017478640000379e-01
5.810854404590000133e-01
4.846545676569999905e-01
1.499780631369999895e-01
4.569643203729999992e-01
5.772897174950000210e-01
5.441688259689999585e-01
3.095969959350000078e-01
3.345764741849999724e-01
5.509255130919999965e-01
5.750758333150000068e-01
4.414981092479999814e-01
1.665983276509999944e-01
4.967800873570000220e-01
5.818615871510000037e-01
5.194995473919999940e-01
2.245885873950000111e-01
6.590385627939999713e-01
4.205931398100000163e-01
3.129207763719999980e-01
2.622318731669999736e-01
3.214057661340000149e-01
4.394305614310000108e-01
5.307950348400000129e-01
5.842320351749999974e-01
6.103422896650000373e-01
6.193725450210000316e-01
6.160337911200000072e-01
6.002071273410000130e-01
5.636654908699999522e-01
4.956451948219999792e-01
3.904391149259999749e-01
2.853691657690000105e-01
2.704277216059999822e-01
3.541221868239999848e-01
4.641866113409999772e-01
5.432777815349999484e-01
5.889033372819999501e-01
6.115575003600000059e-01
6.199557628609999593e-01
6.176339873430000127e-01
5.980467143890000337e-01
5.549471958930000115e-01
4.756486196270000022e-01
3.583863251209999934e-01
2.655044785339999991e-01
2.897681175560000155e-01
3.867558299789999876e-01
4.866216421249999757e-01
5.549698049629999685e-01
5.947495300630000203e-01
6.159041586440000549e-01
6.245035343749999468e-01
6.199666190549999456e-01
5.964245013140000440e-01
5.434513894079999741e-01
4.525627961020000090e-01
3.252854608569999972e-01
2.569561809890000270e-01
3.169502003169999971e-01
4.182917033790000128e-01
5.075619197730000254e-01
5.671478937839999901e-01
6.030286366660000397e-01
6.234560713769999873e-01
6.312780491230000068e-01
6.231207294360000537e-01
5.922127541230000070e-01
5.299880369789999879e-01
4.255500020810000228e-01
2.932893924800000218e-01
2.617626203339999957e-01
3.485677368549999766e-01
4.483360068569999801e-01
5.277946607279999647e-01
5.806992458549999903e-01
6.139987700100000279e-01
6.333120071979999599e-01
6.383118785239999537e-01
6.242417672919999827e-01
5.848786541349999535e-01
5.121439649669999872e-01
3.954524386100000122e-01
2.651103983149999954e-01
2.786531489899999880e-01
3.820491173769999804e-01
4.769886826079999809e-01
5.480099676509999629e-01
5.959172458489999658e-01
6.269286247790000211e-01
6.436004388960000488e-01
6.433688436259999976e-01
6.215750673280000527e-01
5.732343333599999591e-01
4.902700983619999731e-01
3.624085975899999923e-01
2.463484546589999880e-01
3.055818500049999886e-01
4.153262846069999958e-01
5.047131773690000101e-01
5.685730120259999687e-01
6.122753821049999878e-01
6.401732239349999798e-01
6.520139571180000315e-01
6.444605369889999658e-01
6.140638191299999660e-01
5.569669120519999961e-01
4.643696135929999969e-01
3.278119927809999834e-01
2.408282155360000065e-01
3.374271792810000226e-01
4.482419112209999890e-01
5.306068810199999763e-01
5.894493989660000155e-01
6.286109391099999888e-01
6.515167369809999887e-01
6.564145550240000349e-01
5.444582418140000435e-01
3.061852666659999889e-01
1.044046182140000029e-01
7.556980971019999771e-01
5.893936723360000407e-01
5.011971962829999683e-01
6.695928724280000299e-01
4.728204995990000215e-01
6.229704079929999638e-01
6.265035703510000165e-01
4.731090067500000051e-01
7.248831694970000461e-01
4.781658754909999809e-01
6.203332429969999895e-01
6.392693119969999893e-01
4.688424850979999725e-01
7.255249233249999596e-01
4.932306497319999816e-01
6.008537247930000325e-01
6.610155219740000421e-01
4.595953586920000222e-01
7.197737644430000081e-01
5.116375886859999556e-01
5.763972230020000254e-01
6.781480030269999570e-01
4.522602913559999882e-01
7.105206451769999765e-01
5.221401340229999688e-01
5.610542419759999566e-01
6.815748562900000307e-01
4.475880114560000234e-01
7.070910590550000263e-01
5.145903225329999664e-01
5.653859329749999496e-01
6.677384262690000405e-01
4.472792898140000029e-01
7.127958443930000332e-01
4.886591354279999910e-01
5.935229126269999655e-01
6.341509581640000226e-01
4.603496827260000201e-01
7.171538531779999559e-01
4.582463007500000018e-01
6.373290520759999911e-01
5.865462316699999734e-01
4.925236055069999730e-01
7.076402665780000545e-01
4.418328706390000082e-01
6.773686388749999843e-01
5.437203196169999586e-01
5.316295805870000502e-01
6.895212505969999794e-01
4.427531246529999853e-01
7.006014715439999874e-01
5.213142322379999971e-01
5.581220841089999940e-01
6.799218296340000522e-01
4.487159719400000135e-01
7.088044437780000040e-01
5.212668418779999868e-01
5.623687150049999639e-01
6.861016498319999490e-01
4.511715906289999745e-01
7.055640803399999550e-01
5.377643227920000379e-01
5.474310115360000450e-01
7.011581950909999694e-01
4.520016633230000136e-01
6.920621061939999930e-01
5.613082363129999752e-01
5.249887541740000385e-01
7.131851071350000515e-01
4.540516252019999865e-01
6.746741343119999623e-01
5.786620515770000139e-01
5.077888716239999933e-01
7.163366511250000013e-01
4.534621960460000212e-01
6.657949753280000271e-01
5.778620108490000185e-01
5.047476842229999816e-01
7.108240546870000509e-01
4.464388130520000053e-01
6.744188044990000463e-01
5.539867611909999878e-01
5.222716406959999613e-01
6.934585313840000431e-01
4.396031633170000008e-01
6.962351915250000189e-01
5.135868210659999544e-01
5.615454983900000085e-01
6.594148916769999591e-01
4.472361073219999761e-01
7.142980250070000148e-01
4.751660562219999773e-01
6.103558324610000030e-01
6.170940913879999767e-01
4.717724046410000094e-01
7.174783926409999957e-01
4.547257893919999794e-01
6.487936177769999535e-01
5.859522472870000165e-01
4.970768502310000114e-01
7.144894514559999577e-01
4.511195873709999971e-01
6.668466412910000196e-01
5.200947212640000261e-01
5.803020636129999632e-01
5.751168304239999696e-01
5.135885674760000130e-01
4.869890596299999985e-01
5.097951327880000383e-01
5.619956674939999841e-01
5.712173162879999877e-01
5.313541994920000233e-01
5.263580378350000144e-01
5.315806831499999552e-01
5.375936197649999748e-01
5.400693168419999912e-01
5.296348905650000161e-01
5.562459477210000003e-01
5.656087316050000258e-01
5.249079794890000317e-01
4.968317976250000156e-01
5.065763736020000296e-01
5.594287436749999509e-01
5.875657951789999833e-01
5.339824338490000155e-01
4.841844185840000203e-01
4.895376541490000233e-01
5.448290618609999969e-01
7.997765511329999466e-01
1.472125194539999904e-01
1.472125194539999904e-01
1.472125194539999904e-01
1.472125194539999904e-01
1.472125194539999904e-01
1.472125194539999904e-01
1.472125194539999904e-01
1.472125194539999904e-01
1.472125194539999904e-01
1.472125194539999904e-01
1.472125194539999904e-01
1.472125194539999904e-01
1.472125194539999904e-01
1.472125194539999904e-01
1.472125194539999904e-01
1.472125194539999904e-01
1.472125194539999904e-01
1.472125194539999904e-01
1.472125194539999904e-01
1.472125194539999904e-01
1.472125194539999904e-01
1.472125194539999904e-01
1.472125194539999904e-01
1.472125194539999904e-01
1.472125194539999904e-01
1.472125194539999904e-01
1.472125194539999904e-01
1.472125194539999904e-01
1.472125194539999904e-01
1.472125194539999904e-01
1.472125194539999904e-01
1.472125194539999904e-01
1.472125194539999904e-01
1.472125194539999904e-01
1.472125194539999904e-01
1.472125194539999904e-01
1.472125194539999904e-01
1.472125194539999904e-01
1.472125194539999904e-01
1.472125194539999904e-01
1.472125194539999904e-01
1.472125194539999904e-01
1.472125194539999904e-01
1.472125194539999904e-01
1.472125194539999904e-01
1.472125194539999904e-01
1.472125194539999904e-01
1.472125194539999904e-01
1.472125194539999904e-01
1.472125194539999904e-01
1.472125194539999904e-01
1.472125194539999904e-01
1.472125194539999904e-01
1.472125194539999904e-01
1.472125194539999904e-01
1.472125194539999904e-01
1.472125194539999904e-01
1.472125194539999904e-01
1.472125194539999904e-01
1.472125194539999904e-01
1.472125194539999904e-01
1.472125194539999904e-01
1.472125194539999904e-01
1.472125194539999904e-01
1.472125194539999904e-01
1.472125194539999904e-01
1.472125194539999904e-01
1.472125194539999904e-01
1.472125194539999904e-01
1.472125194539999904e-01
1.472125194539999904e-01
1.472125194539999904e-01
1.472125194539999904e-01
1.472125194539999904e-01
1.472125194539999904e-01
1.472125194539999904e-01
1.472125194539999904e-01
1.472125194539999904e-01
1.472125194539999904e-01
1.472125194539999904e-01
1.472125194539999904e-01
1.472125194539999904e-01
1.472125194539999904e-01
1.472125194539999904e-01
1.472125194539999904e-01
1.472125194539999904e-01
1.472125194539999904e-01
1.472125194539999904e-01
1.472125194539999904e-01
1.472125194539999904e-01
1.472125194539999904e-01
1.472125194539999904e-01
1.472125194539999904e-01
1.472125194539999904e-01
1.472125194539999904e-01
1.472125194539999904e-01
1.472125194539999904e-01
1.472125194539999904e-01
1.472125194539999904e-01
1.472125194539999904e-01
6.583933160479999991e-01
6.134638180160000287e-01
6.863568501679999656e-01
8.055820781360000238e-01
8.553963677650000541e-01
5.647968223279999922e-01
9.125545678390000193e-01
4.376824457919999967e-01
8.954314025609999561e-01
7.065200140880000257e-01
7.952237966199999786e-01
8.657866322980000140e-01
5.503124343290000109e-01
9.156650803570000052e-01
4.582982779820000130e-01
8.918778290150000121e-01
7.283370052519999582e-01
7.783951341649999467e-01
8.696211377470000059e-01
5.432642321349999692e-01
9.115421893909999573e-01
4.680039361969999812e-01
8.829859897770000465e-01
7.455055495119999875e-01
7.595496008150000034e-01
8.676858639569999809e-01
5.334984019449999781e-01
9.038337515759999885e-01
4.734153904250000267e-01
8.695847653070000183e-01
7.542505672370000136e-01
7.444809832280000483e-01
8.628037245049999804e-01
5.128566552379999477e-01
8.951168869219999769e-01
4.884477944260000037e-01
8.575423544810000243e-01
7.555949871599999534e-01
7.352025069559999793e-01
8.596661265749999670e-01
4.843851804300000063e-01
5.447362422610000365e-01
4.880679312089999944e-01
5.409703173700000089e-01
6.047081303650000406e-01
5.488976984829999628e-01
4.790327348269999841e-01
5.489496520059999884e-01
5.938108143379999815e-01
5.613402262729999537e-01
4.836607443109999793e-01
5.371756729169999689e-01
6.006833640630000470e-01
5.580536674949999609e-01
4.760753209779999828e-01
5.389272310630000007e-01
5.989412280550000522e-01
5.606508849900000424e-01
4.872172919869999785e-01
5.371518225729999818e-01
5.934561452050000074e-01
5.689097207919999732e-01
4.785649436419999736e-01
5.276574970870000492e-01
6.026066092540000030e-01
5.614351094680000154e-01
4.865066028219999783e-01
5.346293774029999835e-01
5.907561649760000311e-01
5.746697459530000218e-01
4.859623675240000162e-01
5.211603384649999837e-01
5.991496107539999727e-01
5.681301510299999746e-01
4.842300909510000029e-01
5.266010734599999576e-01
5.941471465290000253e-01
5.740856252989999797e-01
4.936319319490000135e-01
5.199971081280000407e-01
5.909483182260000245e-01
5.785565217020000039e-01
4.853684127210000088e-01
5.151342476879999799e-01
5.977014326409999523e-01
5.728458072909999865e-01
4.974128314719999944e-01
5.191583566859999666e-01
5.857183073870000367e-01
5.854711469279999525e-01
4.923132866470000257e-01
5.063601749560000531e-01
5.950163424609999918e-01
5.767954227189999727e-01
4.971759278519999881e-01
5.140435993149999883e-01
5.869391496100000438e-01
5.854511396229999942e-01
5.022634523519999838e-01
5.034177575830000029e-01
5.863547340989999634e-01
5.860094092959999834e-01
4.973733018750000068e-01
5.041557242790000171e-01
5.900320159220000527e-01
5.826374031500000106e-01
5.100585533889999690e-01
5.035747741610000494e-01
5.788285914530000298e-01
5.935862815660000180e-01
5.025614446420000325e-01
4.942793540870000224e-01
5.882392459569999454e-01
5.838462681120000219e-01
5.127161516399999508e-01
5.017500507530000542e-01
5.774595840940000002e-01
5.943285655279999524e-01
5.127176263099999520e-01
4.893600992029999985e-01
5.796887643439999627e-01
5.912586431920000551e-01
5.128777071129999587e-01
4.952628252929999753e-01
5.797042560259999533e-01
5.904616983849999556e-01
5.231972131959999883e-01
4.895255540819999918e-01
5.702754152069999805e-01
5.989788784109999487e-01
5.158827114080000165e-01
4.861547861030000028e-01
8.594151376799999409e-02
8.736293642999999609e-02
9.659622424920000228e-02
1.335196359090000118e-01
1.580577301949999958e-01
1.542557398309999939e-01
1.244209659629999937e-01
8.987457362619999390e-02
9.292327334369999969e-02
1.290053946299999921e-01
1.562700343579999929e-01
1.562543396599999912e-01
1.290401972519999996e-01
9.302913662469999845e-02
8.981053957750000094e-02
1.244228854749999946e-01
1.541549955369999891e-01
1.578157536039999920e-01
1.334143529559999874e-01
9.668257248429999728e-02
8.733699319809999639e-02
1.197408573710000007e-01
1.518718253520000006e-01
1.592227504540000005e-01
1.377309109189999992e-01
1.006809332170000015e-01
8.552524986020000608e-02
1.146912902429999964e-01
1.487032943759999948e-01
1.598413034800000021e-01
1.417247988289999927e-01
1.052674025519999973e-01
8.475868405939999961e-02
1.100348845759999972e-01
1.454151396699999987e-01
1.600413337519999979e-01
1.453332559620000020e-01
1.099502573310000009e-01
8.479848274970000488e-02
1.054438905119999964e-01
1.419512721660000087e-01
1.599310328159999905e-01
1.486200069020000014e-01
1.146634201079999998e-01
8.560725637180000014e-02
1.008367863700000006e-01
1.378670198589999896e-01
1.592411281080000074e-01
1.515216847380000120e-01
1.194177591630000007e-01
8.727928968159999468e-02
9.665715442649999711e-02
1.336026951419999886e-01
1.580918756789999879e-01
1.542164958789999929e-01
1.243706733620000005e-01
8.988196740289999820e-02
9.302806245109999927e-02
1.291487270460000003e-01
1.563331213509999984e-01
1.560545643829999995e-01
1.289300461229999917e-01
9.297396287919999780e-02
8.989548715039999416e-02
1.245445774299999975e-01
1.544326064690000055e-01
1.577687244980000014e-01
1.332628550509999954e-01
9.654007988769999771e-02
8.728599028639999480e-02
1.197082490559999990e-01
1.519277707510000019e-01
1.592191668290000028e-01
1.377186022680000066e-01
1.007675456669999969e-01
8.562722382220000483e-02
1.148826486269999975e-01
1.488422163360000050e-01
1.597557597239999960e-01
1.416131666300000091e-01
1.051544537299999998e-01
8.476649548350000118e-02
1.101450333100000012e-01
1.456102332750000006e-01
1.600546306410000064e-01
1.452395846260000067e-01
1.098202863809999985e-01
8.481951355149999761e-02
1.055530187550000054e-01
1.420636947589999921e-01
1.599778793449999903e-01
1.485687080499999979e-01
1.144587680609999991e-01
8.556796906090000099e-02
1.009502606210000014e-01
1.379399778500000062e-01
1.592591533770000012e-01
1.515524533210000080e-01
1.193085820800000030e-01
8.724918778640000649e-02
4.543439984050000047e-01
8.532201044910000531e-01
7.420652228220000479e-01
8.469289344120000118e-01
5.521219394380000312e-01
7.271342815460000164e-01
7.316783487929999774e-01
4.180661981759999923e-01
5.559898349849999866e-01
4.632976169040000092e-01
6.469190725000000253e-01
3.874749508929999919e-01
3.642041419779999956e-01
9.200606036630000206e-01
3.618163508219999769e-01
4.855362629589999868e-01
6.596858186930000256e-01
5.340048810090000098e-01
6.894316855450000059e-01
4.223381343670000176e-01
7.778173066900000432e-01
7.740190665320000329e-01
5.567492748479999642e-01
7.939626188989999944e-01
6.494523395110000097e-01
8.720268915019999678e-01
5.485213068290000216e-01
4.506513780470000063e-01
7.643707289890000478e-01
3.951711099699999896e-01
3.328635866040000058e-01
4.594555788010000197e-01
5.438130201930000407e-01
3.724671254949999954e-01
4.228961776469999934e-01
8.579136796709999624e-01
5.408151159870000502e-01
6.509086532119999768e-01
7.809372126920000046e-01
7.242611343460000350e-01
8.366950213029999972e-01
4.735258316070000140e-01
7.578653366640000222e-01
6.916397124519999551e-01
4.616587998050000197e-01
5.996486959069999845e-01
4.447661477079999925e-01
7.782806638460000315e-01
4.115106999440000246e-01
3.511439755030000276e-01
8.789021818129999497e-01
3.715184679820000002e-01
4.565130428049999911e-01
5.414104166750000058e-01
5.541136925209999564e-01
6.481193049469999856e-01
4.228493255449999877e-01
8.141619808829999583e-01
7.619326817739999758e-01
6.567135235059999854e-01
7.804118413780000152e-01
6.837853531799999995e-01
8.916195649050000505e-01
5.061678078860000207e-01
4.971614381159999985e-01
6.649734377360000392e-01
4.101281995559999949e-01
3.514398643070000272e-01
4.125693809770000220e-01
6.410189873089999768e-01
3.493383536790000132e-01
4.409303251419999792e-01
9.093884767650000089e-01
5.010506223639999979e-01
6.702315385010000348e-01
6.708194893690000438e-01
7.092049340549999581e-01
8.175192107850000056e-01
4.261304325279999805e-01
7.839193291520000217e-01
6.749901926039999500e-01
5.498806389100000525e-01
6.277886339110000380e-01
4.455900868220000199e-01
8.824528664809999645e-01
4.246579966840000053e-01
3.399416016630000259e-01
7.673593710549999614e-01
3.882360011950000134e-01
4.174880507059999801e-01
4.570332332129999897e-01
6.001549013529999810e-01
5.990342461409999819e-01
4.608667489719999733e-01
8.565497414680000032e-01
7.432957682540000111e-01
7.449949517199999649e-01
7.333543739969999864e-01
7.181375758329999748e-01
8.591470336490000248e-01
8.547213352810000275e-01
7.285202567709999633e-01
5.535562325639999948e-01
3.112041706870000146e-01
6.910338025140000395e-01
6.459314864590000038e-01
6.566132427309999686e-01
6.544152756309999930e-01
2.683101365969999819e-01
4.960571739460000185e-01
3.752281201289999757e-01
1.899361443969999896e-01
3.855089486800000187e-01
4.458705123260000014e-01
4.890031122530000274e-01
5.369886795799999613e-01
4.983888001349999763e-01
4.331661665820000229e-01
4.782835506170000084e-01
5.231379288420000551e-01
4.933119964609999908e-01
4.506059812389999752e-01
4.764757703970000091e-01
4.988748921689999949e-01
4.727710074659999817e-01
4.700722772379999914e-01
4.955800141610000042e-01
4.865053596530000135e-01
4.480342806829999969e-01
4.833655336870000263e-01
5.228175026229999744e-01
4.939250122730000081e-01
4.319230809319999920e-01
4.824910973120000168e-01
5.361216218550000079e-01
5.046870724430000399e-01
4.344699670930000091e-01
4.719181247900000042e-01
5.248122177880000239e-01
4.991871927729999991e-01
4.508370427930000202e-01
4.708229975289999758e-01
5.017878246689999600e-01
4.772057785819999731e-01
4.675996325649999785e-01
4.904646797280000081e-01
4.906138197420000235e-01
4.507592127260000026e-01
4.780243424089999915e-01
5.190155266889999730e-01
4.986734418009999836e-01
4.341779090199999747e-01
4.761236873520000024e-01
5.342398555039999941e-01
5.104209432220000453e-01
4.369781643210000066e-01
4.653552789500000064e-01
5.253560680159999885e-01
5.052367887149999959e-01
4.520574366169999858e-01
4.649971350630000000e-01
5.039992855710000441e-01
4.821006749110000045e-01
4.661583015760000226e-01
4.851007309470000139e-01
4.936476263330000225e-01
4.544793350440000101e-01
4.734202249980000166e-01
5.144918167159999722e-01
5.028422603600000151e-01
4.374408510669999806e-01
4.698836726010000020e-01
5.315749046900000163e-01
5.154680644119999933e-01
4.405144117550000016e-01
4.589995041359999917e-01
5.247265519099999498e-01
5.111845645450000530e-01
4.543371384150000081e-01
4.589406902579999947e-01
5.051644186289999672e-01
4.873385846130000032e-01
4.655404670230000042e-01
4.796823235459999890e-01
4.957045278169999736e-01
4.588163673799999787e-01
4.696857972519999924e-01
5.093375288720000116e-01
5.059655181819999736e-01
4.417129684239999854e-01
4.640392186189999935e-01
5.281156556830000071e-01
5.199729498549999773e-01
4.448440253739999739e-01
4.529468480070000247e-01
5.232023883759999716e-01
5.167199424620000370e-01
4.577753849410000075e-01
4.532105035389999981e-01
5.052406365210000416e-01
4.929904272960000111e-01
4.659188749309999822e-01
4.741654301039999742e-01
4.968059300339999762e-01
4.635921752330000034e-01
4.667250757310000275e-01
5.039930889350000554e-01
5.079921220069999466e-01
4.467156090530000068e-01
4.588756929080000102e-01
5.236370234389999823e-01
5.236742042659999763e-01
4.499273431629999820e-01
4.138126160119999786e-01
2.532349095390000193e-01
2.192773622530000133e-01
7.396667121409999934e-01
2.041925850790000108e-01
1.955013867429999941e-01
1.823048108670000111e-01
1.745205550629999880e-01
1.825857042290000010e-01
1.965238741610000062e-01
2.021846484900000074e-01
2.051615607600000002e-01
2.075745299289999957e-01
1.966604789020000021e-01
1.811734671899999927e-01
1.774762530360000090e-01
1.835459919909999960e-01
1.899832789860000093e-01
1.977024476889999993e-01
2.091316895960000088e-01
2.088067273589999939e-01
1.954680778400000041e-01
1.862034373660000075e-01
1.819994821750000047e-01
1.793602544729999970e-01
1.837638223770000079e-01
1.986275642049999957e-01
2.095332087579999947e-01
2.053071728399999962e-01
1.991045110119999961e-01
1.932564101960000114e-01
1.814928510820000007e-01
1.748288940290000093e-01
1.836698698939999985e-01
1.985955476730000002e-01
2.039688201029999925e-01
2.049103674149999887e-01
2.059549889950000046e-01
1.951000948219999975e-01
1.797039988899999940e-01
1.766710820930000037e-01
1.848041801039999876e-01
1.925471260839999865e-01
1.991913998369999883e-01
2.090898586809999959e-01
2.081440998440000079e-01
1.938505260030000121e-01
1.838194967310000094e-01
1.811216343070000123e-01
1.808767932960000102e-01
1.858020530950000027e-01
1.999401141400000137e-01
2.104525087880000089e-01
2.051041062460000064e-01
1.969942126429999885e-01
1.909648736389999990e-01
1.808880626630000044e-01
1.755357392409999939e-01
1.849262381089999963e-01
2.005296983360000118e-01
2.055591252010000036e-01
2.044696290670000027e-01
2.040947137169999981e-01
1.934757467409999876e-01
1.785141411060000016e-01
1.762024881429999912e-01
1.861820933949999979e-01
1.950972634619999868e-01
2.005806788360000037e-01
2.087730532829999985e-01
2.072100129430000104e-01
1.922202305579999992e-01
1.816060120119999954e-01
1.804398931919999893e-01
1.826113395470000123e-01
1.879848700700000041e-01
2.011220919239999905e-01
2.110655601599999986e-01
2.047024616750000026e-01
1.948147130589999998e-01
1.886706552669999981e-01
1.804998815880000107e-01
1.766213732109999934e-01
1.863325295169999951e-01
2.022970637439999997e-01
2.069302360489999881e-01
2.038463839580000048e-01
2.020219736009999933e-01
1.918121162789999945e-01
1.776299642259999978e-01
1.760864144869999925e-01
1.876524534950000100e-01
1.975855798639999938e-01
2.018485666779999965e-01
2.081884807580000052e-01
2.060154497979999888e-01
1.906048135129999876e-01
1.796162824160000004e-01
1.799718366389999880e-01
1.845201387969999940e-01
1.902658126379999926e-01
2.021580339250000080e-01
2.113638799239999921e-01
2.041050043089999988e-01
5.195431853120000554e-01
2.456028846249999897e-01
2.649728184780000273e-01
1.808712487639999866e-01
4.307755069070000054e-01
2.875593715040000165e-01
2.106882692550000047e-01
3.694207393039999898e-01
2.483803386160000071e-01
1.081287953239999933e-01
3.024473349299999780e-01
3.851720741740000120e-01
1.937074206659999964e-01
3.954094660729999822e-01
3.089922731579999859e-01
1.144294636910000024e-01
2.709723201900000045e-01
3.482796437219999874e-01
1.898347132450000085e-01
2.806990314200000225e-01
4.351855500460000137e-01
1.903940007090000053e-01
2.911263800700000237e-01
3.198398906109999884e-01
1.853353460480000048e-01
1.693195144469999969e-01
3.977333369109999905e-01
2.922260776430000151e-01
2.441647976050000113e-01
4.223706892549999870e-01
2.122297186959999915e-01
1.457602865329999942e-01
3.000365267580000217e-01
3.309161780539999764e-01
1.683902013040000090e-01
3.953378998520000187e-01
3.367292690609999806e-01
1.635486191970000058e-01
3.437934892499999728e-01
2.903865894670000225e-01
1.247802964529999975e-01
2.594873225950000140e-01
4.253150006379999848e-01
2.082386270540000084e-01
3.409421683450000184e-01
3.480796120429999752e-01
1.335012144620000007e-01
2.139811032900000021e-01
3.511013301950000054e-01
2.540039373910000231e-01
2.363120520589999940e-01
4.488975134729999983e-01
2.231673212130000084e-01
2.203555579410000076e-01
3.284773600909999813e-01
2.525649869839999839e-01
1.338506177079999970e-01
3.666256521049999773e-01
3.491510625550000024e-01
2.030375702870000076e-01
4.054576365170000085e-01
2.592642648440000031e-01
1.028473685129999982e-01
2.696614937699999826e-01
3.785195312560000191e-01
1.877377773860000043e-01
3.471807798250000077e-01
3.826388453769999920e-01
1.479720941340000040e-01
2.919628510039999902e-01
3.113908537510000074e-01
1.831107660480000010e-01
2.138111669340000132e-01
4.401877329180000076e-01
2.441275695369999887e-01
2.784423160030000122e-01
3.741556426329999963e-01
1.851288305580000015e-01
1.518620638219999874e-01
3.323613089149999866e-01
3.213924233159999866e-01
2.034650677940000041e-01
4.349919359500000193e-01
2.673839319519999980e-01
1.563786403840000117e-01
3.168718829959999983e-01
3.079109199119999807e-01
1.372984247250000067e-01
3.232185752630000186e-01
3.998765914529999743e-01
1.846241929359999923e-01
3.619971826139999904e-01
2.972753737600000168e-01
1.179646823119999965e-01
2.237694785490000060e-01
3.990835801539999728e-01
2.328525296979999937e-01
2.947359493060000002e-01
4.165491495279999845e-01
1.690463090119999900e-01
2.240741042640000125e-01
3.772191636319999763e-01
3.831182248119999745e-01
3.509936458619999922e-01
3.506453134879999878e-01
3.751074105000000158e-01
3.834501468389999723e-01
3.639501839979999986e-01
3.608424684900000123e-01
3.768782211319999798e-01
3.739016037360000100e-01
3.558747151939999909e-01
3.561121456349999881e-01
3.845346534890000112e-01
3.872933686860000058e-01
3.565090986569999787e-01
3.424220001880000086e-01
3.687092041039999879e-01
3.920538203350000250e-01
3.744254789990000276e-01
3.510272510029999737e-01
3.619632513170000232e-01
3.777526002680000050e-01
3.727722834980000122e-01
3.579321086480000136e-01
3.715067419199999943e-01
3.838460898339999816e-01
3.665485044560000127e-01
3.463152498850000094e-01
3.613489489799999732e-01
3.915612553539999929e-01
3.828250347059999892e-01
3.497626011539999857e-01
3.481188172090000088e-01
3.757098175999999956e-01
3.869843120900000044e-01
3.653950267130000040e-01
3.573537658050000010e-01
3.730281581400000102e-01
3.753443343469999860e-01
3.602406544269999844e-01
3.572453111039999851e-01
3.825085254889999953e-01
3.855016858259999735e-01
3.571202986870000151e-01
3.428392987489999877e-01
3.692130323650000268e-01
3.935742106969999932e-01
3.748448546959999850e-01
3.483507231169999940e-01
3.584194632430000027e-01
3.789785941880000064e-01
3.771269177020000196e-01
3.591529798399999973e-01
3.680092591829999815e-01
3.808138810999999735e-01
3.682312567370000234e-01
3.495241270430000102e-01
3.619672145539999941e-01
3.907790087090000086e-01
3.820275978480000001e-01
3.491303577909999900e-01
3.465828058420000191e-01
3.765987941869999855e-01
3.898535996229999800e-01
3.661361147550000195e-01
3.536518895149999842e-01
3.694611907179999877e-01
3.772694883909999963e-01
3.647302339919999969e-01
3.580450148670000221e-01
3.797505439239999836e-01
3.834940715299999803e-01
3.584622892309999864e-01
3.442436371459999811e-01
3.697749412940000147e-01
3.942424402470000033e-01
3.747080279250000201e-01
3.461276041649999913e-01
3.556636601729999958e-01
3.805462688440000019e-01
3.810346346010000107e-01
3.597711850159999725e-01
3.640251338280000026e-01
3.778367500120000111e-01
3.705069141219999862e-01
3.532642114030000169e-01
3.623633689740000108e-01
3.891488351430000270e-01
3.808971319850000259e-01
3.492833585099999749e-01
3.460620745260000186e-01
3.775581690049999994e-01
3.918931018449999804e-01
3.662456689140000110e-01
3.500206257560000145e-01
3.663722032200000256e-01
3.795671545879999997e-01
3.690821370399999801e-01
3.583545429209999966e-01
3.762760555229999748e-01
5.070395056559999780e-01
4.020704706770000247e-01
5.275008845949999969e-01
4.311689327489999779e-01
3.381488897029999996e-01
5.109052600669999888e-01
4.817209776270000021e-01
3.118787609700000019e-01
4.734310730529999733e-01
5.122927684489999578e-01
3.529428009750000261e-01
4.154301403980000251e-01
5.247184992179999563e-01
4.158849007959999899e-01
3.510143449329999887e-01
5.113392271269999734e-01
4.726870276060000098e-01
3.118898045369999927e-01
4.780849124170000186e-01
5.092128549640000390e-01
3.447114009569999804e-01
4.233616229909999973e-01
5.216703676609999452e-01
4.121020092809999924e-01
3.542368378619999980e-01
5.146800989330000409e-01
4.708805839419999972e-01
3.146231137589999838e-01
4.834126856629999969e-01
5.097039842980000124e-01
3.374852540409999935e-01
4.332790117020000054e-01
5.249441534890000316e-01
4.026227208879999964e-01
3.662079222240000043e-01
5.223807277930000437e-01
4.623891521469999932e-01
3.155892965120000171e-01
4.871302706990000009e-01
5.038100167200000312e-01
3.341806447810000136e-01
4.323194447820000175e-01
5.221122837570000286e-01
4.018022148270000149e-01
3.630601244189999854e-01
5.156611719229999835e-01
4.666760980160000183e-01
3.151088173239999790e-01
4.852557051110000241e-01
5.080210609599999927e-01
3.426716871659999941e-01
4.310027552640000037e-01
5.260627039340000088e-01
4.011931101030000169e-01
3.669525655820000121e-01
5.187150995349999461e-01
4.631860527850000242e-01
3.136703002790000028e-01
4.895010356980000199e-01
5.066898813979999749e-01
3.334707257660000090e-01
4.321255515920000012e-01
5.207158825200000063e-01
4.027879681850000115e-01
3.615228124129999943e-01
5.140316348579999639e-01
4.672982401979999811e-01
3.156469696890000232e-01
4.841754328080000169e-01
5.101269492000000128e-01
3.387922193330000220e-01
4.323410264199999964e-01
5.256722430360000198e-01
4.055598233570000266e-01
3.642053499089999979e-01
5.191524187630000009e-01
4.640548169170000126e-01
3.161364124300000134e-01
4.863680805380000138e-01
5.029829758980000065e-01
3.342909240129999793e-01
4.332610596700000039e-01
5.209128913849999654e-01
4.048400431170000036e-01
3.633068077639999838e-01
5.133576087569999835e-01
4.672210002839999876e-01
3.121863696859999981e-01
4.831282375600000067e-01
5.093008022639999854e-01
3.436212453649999943e-01
4.300066200820000240e-01
5.254252877609999484e-01
4.049457062710000166e-01
3.657214269069999912e-01
5.190723583099999816e-01
4.656928984829999951e-01
3.149090139769999963e-01
4.883383345339999959e-01
5.061597919150000457e-01
4.402137113110000111e-01
4.069380398690000122e-01
4.923791088589999920e-01
3.454047696770000120e-01
4.808745181569999971e-01
4.181237384420000147e-01
4.269130905469999959e-01
4.258119690430000048e-01
4.986980466820000180e-01
3.688205800050000094e-01
4.159746077229999894e-01
4.652271669909999741e-01
3.988852566850000225e-01
4.601212355900000106e-01
4.447299259170000019e-01
4.263260561910000024e-01
3.740388854489999915e-01
5.154138124029999934e-01
3.704027677799999752e-01
4.416640486719999870e-01
4.334115759969999759e-01
4.576614072490000074e-01
3.934704339819999896e-01
4.846349464790000172e-01
3.968696263150000014e-01
3.832876145360000208e-01
4.875953002980000228e-01
4.331899362709999979e-01
4.259267808630000096e-01
4.255573450360000121e-01
4.638994803490000263e-01
3.469621006849999967e-01
5.047303441689999781e-01
4.024562275660000243e-01
4.217336205800000237e-01
4.351706440879999915e-01
4.904688203159999760e-01
3.667852255030000230e-01
4.468750225800000031e-01
4.378570929980000193e-01
3.822813391630000002e-01
4.795162561290000069e-01
4.497068876929999903e-01
4.134097343090000209e-01
3.968399838850000250e-01
5.020671379259999956e-01
3.515046226579999766e-01
4.686611218889999986e-01
4.239113895989999881e-01
4.353844830670000055e-01
4.147738402569999816e-01
4.991050309260000040e-01
3.736956585499999761e-01
4.048033295380000229e-01
4.735908767809999809e-01
4.122550237859999855e-01
4.473525534069999754e-01
4.411899395509999988e-01
4.351254745700000037e-01
3.630805097890000277e-01
5.156582083470000466e-01
3.822930356370000116e-01
4.330954302689999924e-01
4.347794261669999938e-01
4.700743223969999773e-01
3.806647554170000114e-01
4.756910037509999856e-01
4.083708623769999879e-01
3.804460600469999898e-01
4.869621909669999971e-01
4.433583190509999827e-01
4.171424666229999745e-01
4.176080780699999995e-01
4.762601359640000198e-01
3.444210348110000042e-01
4.953576558819999809e-01
4.111392836119999727e-01
4.232315642760000052e-01
4.295032764039999895e-01
4.978097524549999764e-01
3.633161137729999934e-01
4.344294256580000235e-01
4.490313624119999791e-01
3.915718649880000068e-01
4.695403095910000157e-01
4.511002264139999940e-01
4.156352241729999730e-01
3.858145661249999803e-01
5.093588031439999497e-01
3.608798484199999823e-01
4.565407707249999891e-01
4.281112400229999948e-01
4.460087139130000100e-01
4.020838320110000086e-01
4.962684505600000184e-01
3.817748584110000065e-01
3.954536003199999872e-01
4.794311145519999928e-01
4.256465587930000072e-01
4.347328181119999857e-01
3.782063187820000061e-01
2.520947153620000103e-01
4.036712132929999863e-01
6.135120326690000070e-01
1.950696669230000124e-01
5.152163859539999891e-01
4.959467642159999801e-01
1.401609219449999888e-01
5.274535941329999700e-01
2.763344013669999932e-01
7.070149977940000108e-01
1.994356703319999924e-01
5.667659564470000078e-01
3.009177927980000167e-01
5.882084492600000436e-01
1.404548402380000061e-01
3.265445903579999865e-01
6.009633102210000244e-01
2.345142155169999965e-01
4.711753318599999907e-01
5.784569599650000171e-01
1.899090888209999939e-01
7.323064444839999521e-01
1.743468675850000094e-01
2.882314861749999957e-01
7.094168309349999646e-01
1.884509401259999994e-01
6.849757043680000379e-01
1.881458532249999926e-01
6.184193922099999741e-01
3.863303542739999763e-01
3.479093973540000051e-01
2.583063404829999965e-01
7.069419092159999751e-01
2.756722916239999766e-01
2.909037836460000026e-01
4.758404004669999909e-01
5.006401008090000104e-01
2.093876985179999872e-01
7.423972655560000522e-01
1.719732384590000052e-01
7.031809108200000047e-01
2.973565376489999967e-01
1.597574729959999884e-01
7.280676051369999735e-01
1.773703345290000011e-01
6.857394709449999848e-01
3.678123200780000213e-01
2.953579699119999735e-01
5.410598054020000491e-01
3.542400768389999954e-01
1.374477392929999986e-01
5.503212807270000395e-01
3.521151764179999977e-01
4.617080264569999870e-01
2.392464528129999990e-01
7.590637273839999644e-01
2.266171157859999952e-01
5.956349719169999890e-01
1.392300288159999955e-01
4.823816449389999872e-01
5.473445238359999632e-01
1.697695327909999885e-01
6.985349736679999921e-01
3.098172342500000176e-01
3.260067076270000141e-01
6.670899572589999993e-01
1.848416634339999920e-01
4.485606540950000110e-01
5.924542883610000032e-01
1.614824701310000055e-01
5.368583973899999640e-01
2.470979129149999953e-01
7.545162789179999940e-01
2.276932685259999978e-01
4.972748642009999775e-01
2.978376616969999890e-01
6.373274144239999828e-01
1.717741473889999870e-01
2.844956825330000050e-01
6.047379109499999572e-01
2.741128669049999744e-01
3.883146795040000043e-01
6.637524119969999692e-01
1.761353446120000055e-01
7.269436543030000086e-01
1.956970900570000060e-01
2.238149651709999965e-01
7.156008734319999620e-01
1.928216512639999991e-01
7.298348202429999487e-01
2.034291245850000096e-01
5.247826666539999740e-01
4.337106419069999830e-01
3.389189354989999847e-01
2.124483392600000076e-01
6.761774907090000175e-01
3.270694820939999969e-01
3.054775087259999911e-01
4.192305595399999918e-01
3.605912249550000115e-01
4.355982025469999908e-01
3.739397883460000016e-01
5.437847826220000291e-01
4.289056317680000063e-01
3.560053518240000048e-01
4.799027979500000152e-01
4.496837866219999813e-01
8.120169808949999624e-01
7.402376586869999775e-01
6.366969017739999570e-01
5.509224483750000401e-01
6.644634868450000065e-01
8.058935678299999905e-01
3.464052731999999746e-01
3.591916446260000062e-01
3.553512416319999923e-01
2.169772658169999979e-01
2.588719547839999913e-01
1.029731358079999937e-01
9.905688825519999574e-02
1.720734981270000130e-01
6.892588898899999761e-02
1.472456048509999949e-01
9.018878168709999754e-02
8.619842727279999894e-02
3.287617299949999738e-01
1.948888477900000138e-01
2.107286675589999936e-01
4.447591567459999728e-01
3.923187365599999921e-01
6.760098092230000244e-01
6.290973714909999792e-01
5.626891367209999606e-01
6.890767737649999836e-01
7.886109258269999867e-01
7.878721722829999941e-01
3.970856281130000220e-01
4.400745211770000220e-01
5.721881063460000361e-01
2.628739211710000023e-01
2.748006365069999846e-01
1.614704714330000013e-01
1.366501622019999918e-01
2.060371234110000005e-01
7.243016709659999552e-02
9.725201723409999943e-02
1.068327627189999962e-01
7.501672579080000125e-02
2.635826085749999881e-01
1.341918713739999880e-01
1.348716222269999987e-01
4.201714809709999887e-01
3.195690267419999953e-01
4.447194856919999828e-01
5.469138050799999817e-01
5.087772330990000258e-01
8.067443822059999770e-01
7.941163523230000409e-01
7.018723477549999590e-01
4.775621124600000211e-01
5.721909759219999669e-01
7.610470641269999614e-01
3.024262465870000138e-01
3.052583552920000165e-01
2.797736638339999860e-01
1.824353662579999980e-01
2.250178826439999946e-01
8.733559231019999425e-02
8.784508360690000683e-02
1.429532930190000051e-01
7.038127285430000046e-02
1.842457785939999870e-01
9.726770134959999980e-02
9.856684114449999756e-02
3.830479932459999737e-01
2.381626692209999896e-01
2.661782361130000107e-01
5.018397336140000276e-01
4.526133708050000259e-01
7.583655369549999747e-01
7.061235866770000369e-01
6.259771708069999940e-01
6.081763776090000073e-01
7.249745467329999915e-01
8.128297421989999494e-01
3.449458265320000105e-01
3.698352390840000115e-01
4.713330325449999747e-01
2.261173958190000055e-01
2.373270253180000122e-01
1.285395756590000105e-01
1.134505374360000041e-01
1.755477810599999910e-01
7.016765618280000616e-02
1.172661048360000013e-01
9.445636659969999793e-02
8.200650751169999420e-02
3.165265392600000172e-01
1.657693161069999921e-01
1.651932832620000013e-01
4.760330624119999965e-01
3.780155943860000201e-01
5.454578665839999729e-01
6.599638126150000339e-01
