1.043204820689999934e+01 4.981544305519999827e-01 4.377805023979999821e-01 1.000000000000000000e+00
5.953323149090000044e+01 1.478775277870000016e-01 1.258128328489999948e-01 3.000000000000000000e+00
2.577192549409999742e+02 5.721281664230000175e-01 4.346590382209999937e-02 4.000000000000000000e+00
1.007787427419999915e+01 9.020575275500000156e-01 4.463636423199999759e-01 1.000000000000000000e+00
7.043842656069999464e+01 2.653240957090000074e-01 5.617881996309999695e-03 4.000000000000000000e+00
1.387034368070000028e+02 3.616561195529999773e-01 8.177158180290000633e-02 1.000000000000000000e+00
9.353448544469999959e+00 4.209189530440000104e-01 6.574867551719999481e-01 2.000000000000000000e+00
9.811660618719999505e+00 6.101532315919999672e-01 2.547732720540000217e-01 1.000000000000000000e+00
7.542179608540000402e+01 3.571993037499999746e-01 3.663517697049999966e-01 5.000000000000000000e+00
9.711968776370000000e+00 3.803190498649999807e-01 3.363426452630000063e-01 1.000000000000000000e+00
1.359420474579999905e+02 2.623133905430000135e-01 4.779914251599999830e-01 5.000000000000000000e+00
3.944819924950000001e+01 4.700868328469999802e-01 1.160103620449999956e-01 5.000000000000000000e+00
1.181520548820000016e+02 1.810369192800000138e-01 1.293259916549999999e-01 3.000000000000000000e+00
2.054367145730000033e+01 7.013021315339999784e-02 1.663989893570000100e-01 4.000000000000000000e+00
1.040782046820000062e+01 3.533146632479999827e-01 2.160624829480000120e-01 1.000000000000000000e+00
2.751038803759999851e+01 1.243705547110000031e-01 2.525523470909999957e-01 2.000000000000000000e+00
9.798249491040000692e+01 3.572843669069999950e-01 5.308573071450000125e-01 4.000000000000000000e+00
3.354960440429999835e+02 3.325079866210000068e-01 3.611580350590000155e-01 5.000000000000000000e+00
3.161580604230000091e+01 2.821111333949999911e-01 3.939886142219999887e-01 3.000000000000000000e+00
2.543743934169999932e+02 3.592157267269999732e-01 9.561598532390000460e-02 1.000000000000000000e+00
1.232215577730000078e+01 4.232495804559999741e-01 2.393423763499999968e-01 3.000000000000000000e+00
3.119683835500000058e+01 2.622640498020000210e-01 2.002311306919999923e-01 4.000000000000000000e+00
9.038969275120000191e+01 2.625402395620000107e-01 1.158837036970000040e-01 3.000000000000000000e+00
3.925782727379999670e+01 3.081500931660000053e-01 1.420771267690000006e-01 5.000000000000000000e+00
1.128302529120000059e+02 4.759917052609999866e-01 2.322420933780000030e-01 4.000000000000000000e+00
8.395263602260000013e+00 4.197757465759999751e-01 5.525900237059999665e-01 2.000000000000000000e+00
1.281452665830000015e+01 2.701638192329999799e-01 3.301587821540000189e-01 2.000000000000000000e+00
2.024028419390000124e+02 3.134889658610000018e-01 2.775927746019999920e-01 4.000000000000000000e+00
1.013340294910000061e+01 5.172393953560000535e-01 2.152060849380000029e-01 1.000000000000000000e+00
3.858794706970000021e+01 8.885984050700000692e-02 3.950005651300000226e-02 4.000000000000000000e+00
2.478676898329999858e+02 3.821360590969999915e-01 2.190267099990000077e-01 5.000000000000000000e+00
1.604561305360000034e+01 8.267569661550000504e-01 4.143081781219999926e-01 2.000000000000000000e+00
7.363600499129999832e+01 2.297513848219999988e-01 1.610398704010000126e-01 5.000000000000000000e+00
2.220327256859999920e+02 5.373509462219999699e-01 8.519854796430000043e-02 3.000000000000000000e+00
1.391770396539999943e+01 7.970892481480000569e-02 4.298595645790000142e-02 4.000000000000000000e+00
1.975894181689999840e+01 2.231588384859999885e-01 5.088166950710000247e-01 5.000000000000000000e+00
5.658743287779999775e+01 1.753617513500000114e-01 2.200398967820000121e-02 2.000000000000000000e+00
8.840494328369999266e+00 3.568454099689999937e-01 3.358242327759999868e-01 1.000000000000000000e+00
7.648383556000000283e+01 2.707027676839999786e-01 7.565230363949999870e-02 5.000000000000000000e+00
1.212169116409999958e+01 1.874756535169999905e-01 4.757436906629999851e-01 1.000000000000000000e+00
3.391064150569999924e+01 4.385386962619999829e-02 2.644196826899999908e-01 3.000000000000000000e+00
8.226964286650000702e+01 1.204505923649999977e-01 2.588260245349999766e-01 4.000000000000000000e+00
1.340189796840000014e+01 2.477862078270000046e-01 2.256512185120000125e-01 2.000000000000000000e+00
9.951052744749999590e+01 3.014958860440000166e-01 4.918695328980000059e-01 5.000000000000000000e+00
9.025824180329999535e+01 4.195568457579999799e-02 7.067254473240000556e-02 5.000000000000000000e+00
3.557976823749999795e+01 3.873876656370000005e-01 2.288212719649999893e-01 3.000000000000000000e+00
2.862486488559999884e+02 2.971336622860000221e-01 1.770753896699999996e-01 1.000000000000000000e+00
4.540848676670000117e+01 2.521692672729999862e-01 1.457315873679999874e-01 4.000000000000000000e+00
9.663175052430000633e+00 3.251573832590000102e-01 3.706365007660000210e-01 1.000000000000000000e+00
1.203585274959999936e+02 1.971247866109999969e-01 5.119662273779999884e-02 3.000000000000000000e+00
9.745199732930000636e+00 4.126418113010000277e-01 3.154813403810000083e-01 1.000000000000000000e+00
6.332889977589999830e+01 1.578099714229999895e-01 4.686110353769999681e-02 4.000000000000000000e+00
1.275854751499999935e+02 3.630667879579999729e-02 1.438200751579999936e-01 5.000000000000000000e+00
2.597176039740000064e+01 1.976792466850000041e-01 3.359287876559999830e-01 3.000000000000000000e+00
6.343576699710000355e+01 6.908743488660000487e-02 5.815771130889999668e-02 4.000000000000000000e+00
1.500730269770000014e+01 1.135414168820000069e-01 1.743424183770000135e-01 2.000000000000000000e+00
5.416619401079999818e+01 9.727292240080000207e-02 1.254692587360000111e-01 4.000000000000000000e+00
1.535212751060000080e+01 5.591877311090000247e-02 1.814464505410000039e-01 1.000000000000000000e+00
3.837451298029999975e+02 3.118025166839999973e-01 2.443277369119999931e-01 5.000000000000000000e+00
1.105898580860000067e+02 4.798050545540000211e-01 1.901742859389999873e-01 4.000000000000000000e+00
1.151230667179999934e+01 4.219512183099999869e-01 3.006510484489999802e-01 2.000000000000000000e+00
4.704545967250000160e+01 2.334829419370000048e-01 4.644524544039999731e-02 5.000000000000000000e+00
9.481477115249999699e+00 1.995985574059999934e-01 1.546919323179999917e-01 1.000000000000000000e+00
2.947551697650000051e+02 3.192894231039999919e-01 2.747616215959999830e-01 3.000000000000000000e+00
6.145944233800000234e+01 3.409924278320000113e-01 1.873279776210000080e-01 4.000000000000000000e+00
1.097583941639999949e+01 3.183423514320000147e-01 1.160339206640000065e-01 1.000000000000000000e+00
1.568325759569999889e+02 2.518935682980000257e-01 2.828558204250000013e-02 3.000000000000000000e+00
1.168157146130000079e+01 3.655530850850000069e-01 4.808116708479999724e-01 1.000000000000000000e+00
1.899556150269999932e+02 1.822098812290000036e-01 1.697195862800000010e-01 3.000000000000000000e+00
1.550813376740000038e+01 1.703828698189999991e-01 2.543938459519999862e-01 2.000000000000000000e+00
5.938288490749999937e+01 1.836946805749999911e-01 6.091472080350000123e-02 3.000000000000000000e+00
1.894168509129999904e+02 2.510607324219999992e-01 1.186726233920000068e-01 5.000000000000000000e+00
9.751291822289999800e+00 3.579794392130000169e-01 7.602360530859999521e-01 1.000000000000000000e+00
5.187648490050000305e+01 3.285279662669999823e-01 1.301764878149999916e-01 2.000000000000000000e+00
1.088613368470000076e+01 3.005747499620000096e-01 2.866080165020000181e-01 1.000000000000000000e+00
2.189751190979999933e+02 7.345520964070000325e-01 9.921770202019999929e-02 4.000000000000000000e+00
5.475039913089999999e+01 3.216270241740000202e-01 1.190106683430000034e-01 1.000000000000000000e+00
8.154359712179999775e+00 2.752359723500000244e-01 3.115302940860000258e-01 2.000000000000000000e+00
1.460863638559999913e+02 1.867084725629999942e-01 1.796183368569999883e-01 3.000000000000000000e+00
1.135651739679999928e+01 3.063741569639999995e-01 7.920952063110000552e-01 3.000000000000000000e+00
1.535656508570000085e+02 1.693467970970000125e-01 3.578051594680000114e-01 5.000000000000000000e+00
1.050990132579999958e+01 4.454057850920000172e-01 1.108019545430000002e-01 1.000000000000000000e+00
2.848022878520000134e+01 1.080068346399999935e-01 1.322352088800000103e-01 2.000000000000000000e+00
1.755762782310000034e+02 1.044223603470000039e-01 1.615385802529999970e-01 3.000000000000000000e+00
5.331614315520000247e+01 5.498866157500000018e-02 7.133916148949999425e-02 4.000000000000000000e+00
1.226967103520000002e+01 3.345500362460000071e-02 2.526954729559999779e-01 1.000000000000000000e+00
2.143926675749999902e+02 4.012084561809999839e-01 9.778897282300000326e-02 2.000000000000000000e+00
3.446655262739999870e+01 3.151954348569999814e-02 9.801351962420000452e-02 3.000000000000000000e+00
6.573923801630000696e+01 6.880711651340000456e-02 1.059269464219999984e-01 4.000000000000000000e+00
1.096926069889999980e+02 4.692222728539999915e-02 1.511737813219999893e-01 3.000000000000000000e+00
2.342098663279999826e+01 1.970795319939999957e-01 2.621039970199999791e-01 2.000000000000000000e+00
1.065979229550000085e+01 4.088339487539999761e-01 7.636844935269999912e-02 1.000000000000000000e+00
1.160421697169999931e+02 2.809212523419999941e-01 5.056971442730000266e-02 5.000000000000000000e+00
1.239452537790000086e+01 2.224867730960000123e-01 3.472608800590000211e-01 2.000000000000000000e+00
4.716885213949999667e+01 2.456818749159999926e-01 1.342804838570000048e-01 5.000000000000000000e+00
1.150246796069999959e+02 6.094035728290000398e-01 2.329252145690000053e-01 3.000000000000000000e+00
9.226214613690000732e+00 4.814785454209999926e-01 9.015390355429999669e-01 4.000000000000000000e+00
8.909480645969999557e+00 8.311556302810000352e-01 9.936838804490000232e-01 1.000000000000000000e+00
6.764903046969999423e+01 1.938839077460000060e-01 5.819858057149999986e-02 5.000000000000000000e+00
2.724315547630000012e+01 3.100459007999999961e-01 2.191303907519999983e-01 2.000000000000000000e+00
1.675167279229999906e+01 3.198560304929999876e-01 1.848347581689999963e-01 2.000000000000000000e+00
1.473509334759999945e+02 3.480508969069999736e-01 5.624318042370000242e-02 5.000000000000000000e+00
9.905559858700000220e+00 1.184810890319999976e-01 3.930866165879999818e-01 1.000000000000000000e+00
8.809143540990000076e+01 3.975034506949999824e-01 9.032448301069999352e-02 5.000000000000000000e+00
1.083505387609999957e+02 5.469143607040000132e-01 1.556858501689999952e-01 2.000000000000000000e+00
2.827327383249999926e+01 1.631998127990000047e-01 1.680184467599999953e-01 4.000000000000000000e+00
8.253183833490000509e+00 4.887352611410000214e-01 1.012371100219999986e+00 1.000000000000000000e+00
9.085791532279999672e+01 2.396751284860000053e-01 1.385728879420000115e-01 3.000000000000000000e+00
3.135267621510000069e+01 1.983139698520000049e-01 7.118419870200000388e-02 4.000000000000000000e+00
7.470766539060000433e+00 2.851555182819999756e-01 3.274561558829999774e-01 1.000000000000000000e+00
7.863615290369999400e+01 7.664818682660000382e-02 1.369229155839999934e-01 2.000000000000000000e+00
9.872504409259999392e+00 1.149848141639999988e-01 5.953089717339999920e-01 1.000000000000000000e+00
1.128877458909999945e+02 3.022948609680000120e-01 1.675414520240000038e-01 3.000000000000000000e+00
2.741804970860000168e+01 2.513395592680000012e-01 2.027269151240000122e-01 4.000000000000000000e+00
1.106650582790000037e+01 2.672931370280000052e-01 1.467822824710000029e-01 1.000000000000000000e+00
5.025242499779999861e+01 1.256154799699999991e-01 1.852730101929999859e-02 2.000000000000000000e+00
1.661657948509999869e+02 3.343581243600000086e-01 5.190028580299999722e-02 4.000000000000000000e+00
2.055263490309999952e+02 1.857425267389999912e-01 8.202865175839999523e-01 5.000000000000000000e+00
3.114865007410000075e+01 2.809944757769999857e-01 1.115259743730000030e+00 2.000000000000000000e+00
7.549428746750000307e+00 6.094568865289999859e-01 7.066612171239999851e-01 1.000000000000000000e+00
2.345616563670000119e+02 5.041369202419999640e-01 1.833099824209999951e-01 5.000000000000000000e+00
2.964437671019999954e+01 1.622729520700000039e-01 5.170170560319999886e-01 4.000000000000000000e+00
1.039905405080000023e+01 1.997055902340000022e-01 2.208786519489999989e-01 1.000000000000000000e+00
3.656524937190000202e+01 1.609871848939999905e-01 3.298977330940000008e-01 3.000000000000000000e+00
1.046521470579999971e+02 1.212300473359999992e-01 8.217473761019999934e-02 5.000000000000000000e+00
9.836714091339999300e+00 4.516598822080000186e-01 3.331674952990000271e-01 1.000000000000000000e+00
2.484155816189999939e+02 4.526842351200000003e-01 5.092374098449999748e-02 2.000000000000000000e+00
3.171633714789999914e+01 1.882233194469999926e-01 1.370729742429999953e-01 4.000000000000000000e+00
3.336537545809999870e+02 5.407042205900000065e-01 1.264072375729999864e-01 4.000000000000000000e+00
5.523972011210000232e+01 1.460269802670000061e-01 8.457687876279999795e-02 2.000000000000000000e+00
1.025936784359999976e+01 2.546950052370000050e-01 2.689088232110000143e-01 1.000000000000000000e+00
1.062064876139999967e+02 1.637316021740000127e-01 8.706144352950000165e-02 2.000000000000000000e+00
2.573112692460000162e+01 4.770910157139999774e-01 6.070229177989999725e-01 4.000000000000000000e+00
1.316201843320000009e+01 9.238647002569999990e-04 1.057434929459999916e-02 1.000000000000000000e+00
3.204776410080000204e+01 4.593293413469999587e-03 8.976301441409999596e-03 2.000000000000000000e+00
6.853409870369999624e+01 2.806682699830000171e-04 1.560051287629999998e-02 3.000000000000000000e+00
9.504005963730000417e+01 3.552950107859999956e-02 1.075390557600000054e-02 5.000000000000000000e+00
6.519635367630000644e+01 6.940336880790000385e-02 3.404989967140000240e-01 2.000000000000000000e+00
7.253373570960000016e+00 5.256699773890000094e-01 2.090553607210000053e-01 4.000000000000000000e+00
5.950358576939999722e+01 5.308981316619999502e-01 1.014619534810000001e+00 1.000000000000000000e+00
9.927978114430000289e+01 4.305273625809999949e-01 5.982161063960000219e-02 5.000000000000000000e+00
2.809303185299999939e+01 7.856925308649999329e-02 4.749595236169999735e-02 4.000000000000000000e+00
1.676957508630000149e+01 1.327929467639999972e-01 4.583419978029999731e-02 2.000000000000000000e+00
1.595630900769999982e+02 1.568997565049999876e-01 2.801850712750000166e-02 4.000000000000000000e+00
9.201567901729999832e+00 5.308455556109999973e-01 1.575805608960000048e-01 1.000000000000000000e+00
1.176492822900000021e+02 5.311459714690000000e-01 2.380642097510000110e-01 4.000000000000000000e+00
7.126323814770000098e+00 5.280855440709999460e-01 6.928905833530000224e-01 1.000000000000000000e+00
2.188167017069999929e+02 3.516203716779999766e-01 1.343866923460000085e-01 3.000000000000000000e+00
1.110064372419999934e+01 2.573760879579999883e-01 6.074147086389999894e-02 1.000000000000000000e+00
3.569805040890000214e+01 2.992345904879999963e-01 8.471436239460000683e-02 3.000000000000000000e+00
4.323787458470000047e+02 6.093313810810000453e-01 4.425542457110000216e-02 4.000000000000000000e+00
1.341792254920000005e+01 1.985419962090000101e-01 2.715040186159999869e-01 3.000000000000000000e+00
3.839864426460000146e+01 1.620298341749999982e-01 1.768866966919999950e-01 4.000000000000000000e+00
1.695226233269999909e+02 4.500788932959999822e-01 1.051012250399999959e-01 5.000000000000000000e+00
9.022856315609999456e+00 3.121971780080000092e-01 3.943673454239999820e-01 1.000000000000000000e+00
5.433186981130000248e+01 2.315348672710000055e-01 3.794875873299999869e-01 4.000000000000000000e+00
1.695586233079999943e+02 1.871076468519999869e-01 2.001622470649999930e-01 5.000000000000000000e+00
1.254019933440000045e+01 1.330588112459999972e-01 3.155269254470000062e-01 1.000000000000000000e+00
3.986747730860000161e+01 2.701584051620000149e-01 8.912546758900000143e-02 4.000000000000000000e+00
8.609307201510000596e+01 3.861840112900000177e-02 4.271847071769999810e-02 5.000000000000000000e+00
1.806263615729999970e+02 3.795767001220000103e-01 7.455547455100000609e-02 5.000000000000000000e+00
6.090380985170000372e+00 4.600843436520000163e-01 4.445068224729999962e-01 4.000000000000000000e+00
1.078935601060000060e+01 2.709691946959999834e-02 1.408420128910000124e-01 1.000000000000000000e+00
2.379884415360000105e+01 1.056720079509999993e-01 1.612847851760000062e-01 2.000000000000000000e+00
5.459438684109999684e+01 4.531543827880000347e-02 6.278355368459999364e-02 4.000000000000000000e+00
1.667831982570000093e+02 2.884730215590000091e-01 1.643220391169999961e-01 5.000000000000000000e+00
7.419944811079999702e+00 3.555866128210000143e-01 2.816366547290000133e-01 1.000000000000000000e+00
3.303279658129999916e+02 5.454450279010000235e-01 1.811846366969999955e-01 2.000000000000000000e+00
5.195587611599999889e+01 9.516185851830000209e-02 7.855990549130000000e-02 5.000000000000000000e+00
8.891803408750000415e+00 3.524252967770000189e-01 3.324998528609999782e-01 1.000000000000000000e+00
5.995914571130000326e+01 1.652716389380000095e-01 7.422593805949999346e-02 4.000000000000000000e+00
8.194775198869999500e+00 7.361925327110000472e-01 2.701237204370000033e-01 1.000000000000000000e+00
4.985061610870000237e+01 8.801045248330000015e-02 1.351446235350000080e-01 3.000000000000000000e+00
1.304428713759999958e+01 1.175221201999999965e-02 3.878271973909999670e-02 1.000000000000000000e+00
3.183315990730000067e+01 3.121279973540000072e-02 2.435294348059999919e-02 2.000000000000000000e+00
5.586702481580000068e+01 2.016875423870000128e-02 1.078239177890000060e-02 3.000000000000000000e+00
9.146617212760000371e+01 3.155817790939999951e-02 2.698303868270000155e-02 4.000000000000000000e+00
8.961714780949999692e+01 1.322850723950000015e-02 3.623054710290000285e-02 5.000000000000000000e+00
9.570778736110000295e+00 4.572304720020000102e-01 9.140245325370000007e-01 1.000000000000000000e+00
6.758948512860000335e+01 4.372192082870000052e-01 1.006707214900000036e-01 5.000000000000000000e+00
7.482789891460000398e+00 4.875383542739999965e-01 3.696938236739999994e-01 1.000000000000000000e+00
2.787038545409999912e+01 3.747316440540000015e-01 1.516003171360000013e-01 2.000000000000000000e+00
3.051907852879999723e+02 6.218536839389999793e-01 1.728462120360000076e-01 4.000000000000000000e+00
9.204031464130000728e+00 7.132417983710000187e-02 1.796423461889999906e-01 3.000000000000000000e+00
3.182654441929999933e+01 3.356957849919999792e-01 2.504959528399999802e-01 4.000000000000000000e+00
2.424101781340000059e+02 4.794300782129999883e-01 2.718869481289999945e-01 5.000000000000000000e+00
3.178163278210000087e+01 4.101393782409999966e-01 1.742270433720000122e-01 3.000000000000000000e+00
1.223854088549999943e+02 4.433022534380000046e-01 1.176555991390000055e-01 4.000000000000000000e+00
1.362170467510000016e+01 2.367873824370000102e-01 2.807617198819999937e-01 3.000000000000000000e+00
9.928021004090000545e+00 4.273158420720000183e-01 4.312889024129999693e-02 2.000000000000000000e+00
2.876499711820000016e+02 4.745504188660000233e-01 2.955186985589999815e-01 5.000000000000000000e+00
1.019059222289999944e+01 1.960178615950000092e-01 7.448638832869999837e-02 1.000000000000000000e+00
6.115281649690000165e+01 3.013138534370000121e-01 1.050766660850000062e-01 2.000000000000000000e+00
2.268038922140000011e+02 3.557869558069999827e-01 5.800075818940000211e-02 3.000000000000000000e+00
1.097400976219999968e+01 9.381103979459999576e-02 1.995128156859999891e-01 1.000000000000000000e+00
1.137442366709999959e+02 3.227722414220000058e-01 1.434854959890000115e-01 4.000000000000000000e+00
1.128909237669999932e+01 3.331369822420000015e-01 4.888864862510000076e-01 1.000000000000000000e+00
5.263778413149999835e+01 1.341720584290000129e-01 3.088371051969999725e-01 4.000000000000000000e+00
2.712938762040000142e+02 4.971937720699999841e-01 2.371616077389999966e-01 5.000000000000000000e+00
1.085655693450000037e+01 7.193933133450000628e-02 7.483907643270000520e-02 1.000000000000000000e+00
4.905087548769999728e+01 4.009059269079999765e-01 1.102276934630000080e-02 3.000000000000000000e+00
1.075632673269999984e+01 4.376462068490000190e-01 8.003233947849999752e-02 1.000000000000000000e+00
4.642735282150000131e+01 8.649789226859999625e-02 1.128839788919999976e-01 3.000000000000000000e+00
1.759582641769999896e+02 7.530039461519999477e-02 1.016629136920000065e-01 5.000000000000000000e+00
2.235764709610000125e+02 1.575943595950000109e-01 1.474778302339999903e-01 5.000000000000000000e+00
3.411632913460000083e+01 6.860278154309999987e-01 4.773115227060000243e-01 3.000000000000000000e+00
8.971238153810000782e+00 5.621388349070000068e-01 6.832957455339999653e-01 1.000000000000000000e+00
3.765710924550000271e+01 2.673892617570000074e-01 1.545211954509999874e-01 3.000000000000000000e+00
3.913245315550000214e+01 1.704030885410000029e-01 2.461367185220000031e-01 4.000000000000000000e+00
1.375563865809999982e+02 4.851160859590000207e-01 2.085045896620000005e-01 3.000000000000000000e+00
8.888504024030000394e+00 5.805267511389999857e-01 1.428890998100000032e-01 1.000000000000000000e+00
1.243097795110000021e+02 1.057031688010000026e-01 1.237670414010000053e-01 3.000000000000000000e+00
1.802394164119999971e+02 3.208684094190000224e-01 8.563080056619999658e-02 4.000000000000000000e+00
5.313349588279999836e+01 4.551473404279999802e-01 1.645879820779999891e-01 2.000000000000000000e+00
7.376995069970000429e+00 6.230781672499999813e-01 3.427239337940000130e-01 2.000000000000000000e+00
1.209634983730000002e+01 2.488119509549999997e-01 1.849388845530000047e-01 2.000000000000000000e+00
9.687996066179999843e+01 2.042893774360000081e-01 5.523273589330000011e-01 5.000000000000000000e+00
7.620864453140000272e+00 5.321460004970000046e-01 2.063156889810000005e-01 1.000000000000000000e+00
4.453610708030000183e+02 6.357493892850000217e-01 1.822653621170000071e-01 3.000000000000000000e+00
5.959638906939999714e+01 3.207853001329999953e-01 1.831603484569999940e-01 4.000000000000000000e+00
1.238163514959999922e+01 1.498014534700000122e-01 2.136545777730000095e-01 1.000000000000000000e+00
2.576596375489999957e+01 1.952473821100000062e-01 1.757274983809999913e-01 4.000000000000000000e+00
2.685873104330000274e+02 3.400943724480000041e-01 3.365925024240000174e-01 5.000000000000000000e+00
9.549337807729999739e+00 5.603785412949999767e-01 7.056206077359999940e-01 1.000000000000000000e+00
1.869142711750000103e+02 2.920964609910000065e-01 2.848719714410000159e-02 4.000000000000000000e+00
3.131423833079999852e+01 2.575173408670000108e-01 8.545676347950000029e-02 5.000000000000000000e+00
6.631577944840000072e+00 9.447156009089999751e-01 4.873962571600000127e-01 1.000000000000000000e+00
