4.862068004420000022e+01 1.689005791329999950e-01 2.669759255070000004e-01 2.000000000000000000e+00
1.965297720300000037e+02 2.644805680549999760e-01 1.739132875739999862e-01 3.000000000000000000e+00
1.085745416630000015e+01 5.750583691130000119e-01 5.309700520560000081e-01 2.000000000000000000e+00
4.468783442769999965e+02 7.789820844100000530e-01 2.790146394320000001e-01 5.000000000000000000e+00
3.846374674990000244e+02 5.068612400459999723e-01 2.214757532090000092e-01 1.000000000000000000e+00
2.078574234530000098e+01 2.437146368510000050e-01 3.198360157460000130e-01 4.000000000000000000e+00
8.661722005119999679e+00 6.518608298189999539e-01 7.798691708720000004e-02 2.000000000000000000e+00
5.990346776749999691e+01 1.808589640709999946e-01 1.162140286690000052e-01 3.000000000000000000e+00
1.082755880310000052e+01 6.577764902389999779e-01 2.808750278700000158e-01 1.000000000000000000e+00
1.594030412790000071e+02 5.253391405899999755e-01 4.752999592850000177e-01 2.000000000000000000e+00
9.687311057900000577e+00 5.900560855709999775e-01 4.910443656199999785e-01 1.000000000000000000e+00
4.454218774129999758e+01 2.037598535790000054e-01 1.454421743740000050e-01 4.000000000000000000e+00
1.151841261410000072e+01 4.104000810339999972e-02 7.094853209720000664e-02 1.000000000000000000e+00
3.076751437509999931e+01 6.823416920489999704e-02 1.348870367820000082e-01 2.000000000000000000e+00
1.637181045840000024e+02 2.042202058900000061e-01 1.317851680649999996e-02 3.000000000000000000e+00
8.336042189959999860e+01 1.069260921599999997e-01 3.641610686639999706e-02 5.000000000000000000e+00
8.304730286599999900e+00 1.826745061349999977e-01 1.699438021420000000e-01 2.000000000000000000e+00
3.372807287609999776e+02 6.380744290330000457e-01 1.245075314970000013e-01 4.000000000000000000e+00
2.421000933119999843e+01 1.126615688359999951e-01 3.022078998009999906e-01 1.000000000000000000e+00
1.045205561110000048e+01 3.776420315749999812e-01 2.561725789259999830e-01 3.000000000000000000e+00
9.599287993769999616e+01 2.024608029040000090e-01 4.129811056739999819e-01 5.000000000000000000e+00
4.641108506519999821e+01 2.243291234520000121e-01 2.497396861189999928e-01 2.000000000000000000e+00
2.460435043720000081e+01 2.861471737899999868e-01 1.733619280950000063e-01 5.000000000000000000e+00
1.158409764219999971e+02 4.214025124260000199e-01 3.451572002850000209e-01 4.000000000000000000e+00
1.351760001100000075e+01 4.617893926330000065e-01 2.336395271599999990e-01 1.000000000000000000e+00
1.152298652510000068e+02 3.093825222670000263e-01 2.441943549929999902e-01 4.000000000000000000e+00
1.824681308590000128e+01 4.612788109629999966e-01 1.987188040610000095e-01 2.000000000000000000e+00
2.850084668900000224e+02 4.965341178850000148e-01 9.272005909559999370e-02 5.000000000000000000e+00
3.927773210720000208e+01 2.615328703429999901e-01 5.558570135799999895e-02 3.000000000000000000e+00
3.006854768019999824e+02 5.646714727989999849e-01 1.126020165180000032e-01 2.000000000000000000e+00
3.612408634020000164e+01 1.996558774219999999e-01 2.120413475069999887e-01 5.000000000000000000e+00
1.077201359289999942e+02 4.312631715940000166e-01 1.777004893590000134e-01 3.000000000000000000e+00
8.390909931019999490e+00 5.253127200570000266e-01 1.959067001610000081e-01 1.000000000000000000e+00
9.327054567320000444e+01 1.441613166200000073e-01 7.101088888329999682e-02 2.000000000000000000e+00
1.534912659629999894e+02 5.604876838930000077e-02 9.994324000769999605e-02 3.000000000000000000e+00
2.949094277060000024e+01 1.413575118919999929e-01 1.669756436590000004e-01 5.000000000000000000e+00
1.985717352519999963e+02 2.683833194549999912e-01 7.852720265580000192e-02 5.000000000000000000e+00
1.616826647950000151e+01 7.073586451819999787e-01 5.212634832110000227e-01 2.000000000000000000e+00
1.243857823639999971e+01 2.973248816410000162e-01 4.846052252060000232e-01 2.000000000000000000e+00
4.735426751169999875e+02 6.933529397879999445e-01 2.440701991260000037e-01 5.000000000000000000e+00
7.321942308309999703e+00 4.148558294629999810e-01 1.891983996130000012e-01 1.000000000000000000e+00
7.431410903559999781e+01 4.858424922769999932e-01 9.592579028200000357e-02 4.000000000000000000e+00
1.846453811529999882e+02 6.124541667760000085e-02 7.767283462059999810e-02 5.000000000000000000e+00
2.331682014380000112e+01 3.506227129060000003e-01 8.695514649600000201e-02 2.000000000000000000e+00
6.089322334519999913e+01 2.199987199850000075e-01 6.291841767380000616e-02 3.000000000000000000e+00
6.284116670519999559e+00 6.552422788709999502e-01 5.380713390269999952e-01 1.000000000000000000e+00
7.822224231890000112e+01 2.672096828709999983e-01 1.254640231949999962e-01 3.000000000000000000e+00
8.285486347269999996e+00 6.827073963469999507e-01 6.901765082590000100e-01 4.000000000000000000e+00
3.092343351260000190e+02 5.522979525550000268e-01 1.872918079850000028e-01 5.000000000000000000e+00
8.829378067789999562e+00 7.854224989639999599e-01 1.036061961599999970e+00 1.000000000000000000e+00
2.220560713060000069e+02 2.450774809500000095e-01 7.225782858370000117e-02 2.000000000000000000e+00
3.760069444079999812e+01 2.893262847340000166e-01 1.138524456880000008e-01 4.000000000000000000e+00
1.224661268040000017e+01 2.127586449960000015e-01 1.764253710829999933e-01 1.000000000000000000e+00
2.725747418539999956e+01 6.595658852659999627e-02 2.844648077440000145e-01 2.000000000000000000e+00
3.382550034330000130e+02 2.431070182400000002e-01 2.836073638070000236e-01 4.000000000000000000e+00
7.149429507349999824e+01 7.341215266879999590e-02 4.022898769430000021e-01 5.000000000000000000e+00
4.032018854519999991e+02 4.422262827299999755e-01 1.034813444610000049e-01 1.000000000000000000e+00
1.243293919809999970e+01 2.472637061519999957e-01 1.821259530680000016e-01 3.000000000000000000e+00
7.781567952100000696e+01 8.145375811089999862e-01 8.096476010480000429e-01 5.000000000000000000e+00
7.634157415059999785e+00 1.678321947310000006e-01 1.625568810140000098e-01 3.000000000000000000e+00
7.573447039100000211e+01 3.889399223950000262e-01 5.943186738589999879e-02 5.000000000000000000e+00
7.577413568039999880e+00 3.843657082310000250e-01 2.739698810999999790e-01 1.000000000000000000e+00
5.181038762749999478e+02 7.564907732679999608e-01 3.275612264600000212e-02 2.000000000000000000e+00
1.062072127789999954e+01 3.894726108039999746e-01 5.531418730979999893e-02 1.000000000000000000e+00
5.015932659970000174e+01 5.699300870670000185e-02 1.728053146759999867e-02 4.000000000000000000e+00
1.499074002420000085e+01 4.921632278740000199e-01 4.439860285139999863e-01 1.000000000000000000e+00
1.524380408350000060e+01 5.420255755049999680e-01 7.614863350120000263e-01 2.000000000000000000e+00
1.472231585229999951e+02 4.589406563449999754e-01 1.388146205909999986e-01 4.000000000000000000e+00
1.046053547210000012e+01 2.018191247649999964e-01 5.992094414710000261e-02 1.000000000000000000e+00
5.653211264219999777e+01 3.121534987869999944e-01 5.387789007810000336e-02 4.000000000000000000e+00
1.089184657680000079e+01 4.960453984250000059e-01 6.321869970200000299e-01 5.000000000000000000e+00
1.552430664170000085e+01 4.352912052749999816e-01 3.069806100990000175e-01 1.000000000000000000e+00
3.709278001239999867e+02 6.562213925169999573e-01 1.372572520239999927e-01 3.000000000000000000e+00
1.063574614170000032e+01 5.345764256120000280e-01 1.971570193849999930e-01 1.000000000000000000e+00
3.272396191810000232e+02 6.245443094120000094e-01 1.409892458679999905e-01 2.000000000000000000e+00
2.732641319809999914e+01 8.682905930190000510e-02 2.485109999729999963e-01 3.000000000000000000e+00
2.589314359709999849e+02 3.590913466219999850e-01 1.976633321529999987e-01 4.000000000000000000e+00
4.782393195950000120e+01 5.906606871149999716e-01 3.454682090150000273e-01 3.000000000000000000e+00
9.042256633450000081e+00 3.697222814839999927e-01 2.500144928820000056e-01 1.000000000000000000e+00
3.165879633540000171e+01 1.823254913060000093e-01 1.319547399050000069e-01 2.000000000000000000e+00
1.615731463379999866e+02 5.559380788519999728e-01 1.728877128559999921e-01 3.000000000000000000e+00
6.580318930839999858e+00 6.853017600359999628e-01 2.832624798119999787e-01 1.000000000000000000e+00
3.395703580940000279e+02 4.739797983569999928e-01 5.957422521019999778e-02 3.000000000000000000e+00
1.052725087680000016e+01 7.684538886010000569e-02 4.391368551750000071e-01 2.000000000000000000e+00
3.161419957869999919e+01 2.117488061829999879e-01 1.202233082400000069e-01 4.000000000000000000e+00
9.829488085710000433e+00 7.447745958000000499e-01 7.165883179479999587e-02 1.000000000000000000e+00
2.757687909590000075e+01 1.628233912619999890e-01 1.768210493940000072e-01 2.000000000000000000e+00
2.124153286519999995e+02 1.685523858050000101e-01 9.123395641060000338e-02 3.000000000000000000e+00
1.223580726970000043e+01 1.130305554339999935e-01 3.398445082009999840e-01 1.000000000000000000e+00
2.297486037410000037e+01 9.896848186260000235e-02 1.285354847830000036e-01 2.000000000000000000e+00
1.140006229840000032e+02 2.245919575679999891e-01 1.076363192010000025e-01 5.000000000000000000e+00
1.735065322510000030e+01 8.202782129919999887e-01 5.059307972669999653e-01 4.000000000000000000e+00
2.715205116019999991e+02 5.321627132149999717e-01 5.486925501029999985e-01 5.000000000000000000e+00
1.317576210870000075e+01 3.067799148820000120e-03 3.122687760129999948e-02 1.000000000000000000e+00
3.084615246730000138e+01 9.305510199270000671e-02 1.156853865570000028e-01 2.000000000000000000e+00
5.610128051480000266e+01 7.279294499680000023e-03 1.893552687520000041e-02 3.000000000000000000e+00
9.305044913150000241e+01 1.265885896510000018e-02 1.717640230899999954e-02 4.000000000000000000e+00
7.055877842959999668e+01 2.803241328009999922e-01 1.338852326459999964e-01 1.000000000000000000e+00
1.126814145160000002e+01 2.582152363899999914e-01 2.355135855359999919e-01 2.000000000000000000e+00
2.712312036239999884e+02 4.191847922999999976e-01 2.509851104569999977e-02 4.000000000000000000e+00
8.555587139809999542e+01 1.677073832540000031e-01 2.657862787749999955e-01 2.000000000000000000e+00
2.677244116420000069e+02 2.695342525350000185e-01 3.678956213890000049e-01 3.000000000000000000e+00
1.083374081230000030e+01 3.419901151909999770e-01 2.722877583589999873e-01 5.000000000000000000e+00
9.051338504649999450e+00 3.145567509159999942e-01 3.777062236650000071e-01 1.000000000000000000e+00
4.655107092880000152e+01 4.380482864799999931e-01 2.908002052479999877e-01 2.000000000000000000e+00
1.105260436220000031e+01 2.400374982300000071e-01 5.728432012680000351e-01 1.000000000000000000e+00
2.413456065140000106e+01 1.912417356879999863e-01 1.312415940370000034e-01 2.000000000000000000e+00
1.745641743129999952e+02 1.183056464760000037e-01 1.775139024650000119e-01 4.000000000000000000e+00
8.331108068600000749e+00 7.520417927429999816e-01 9.892101681430000015e-01 1.000000000000000000e+00
2.883562519459999862e+01 9.460568818120000667e-02 3.059117043219999887e-02 2.000000000000000000e+00
1.098547046080000058e+02 1.696116538770000015e-01 1.329647992209999907e-01 5.000000000000000000e+00
1.677036850970000046e+02 1.561982988539999950e-01 3.823981374549999951e-02 5.000000000000000000e+00
2.208078089720000037e+01 4.350036507689999943e-01 8.059209204259999704e-02 4.000000000000000000e+00
4.291515532790000265e+01 6.924719190270000047e-01 2.837010143700000042e-01 2.000000000000000000e+00
1.099920871680000012e+01 1.862949172910000062e-01 6.587829225909999642e-02 1.000000000000000000e+00
6.247657061320000338e+01 8.885714436019999385e-02 4.716851584159999916e-02 3.000000000000000000e+00
2.008443191700000057e+02 1.163796171169999977e-01 4.589491721390000223e-02 5.000000000000000000e+00
5.810134196860000344e+01 4.077034219200000031e-02 2.096265693300000121e-01 4.000000000000000000e+00
1.807664383030000010e+01 7.208766559079999858e-01 1.526914050790000033e-01 5.000000000000000000e+00
1.457027516519999999e+01 3.428505969130000164e-01 9.507995683410000454e-02 3.000000000000000000e+00
1.788570523809999884e+02 4.300908275229999855e-01 9.613765592310000163e-02 5.000000000000000000e+00
9.708117146579999357e+00 6.749922401650000625e-02 2.278502666530000109e-01 1.000000000000000000e+00
2.956580918029999907e+02 5.214150467510000331e-01 2.087416157139999895e-01 2.000000000000000000e+00
3.714403522620000331e+01 2.212933733190000085e-01 3.329431846309999776e-01 3.000000000000000000e+00
8.591155629259999316e+00 2.531522228690000209e-01 3.070397854699999929e-01 1.000000000000000000e+00
1.601322630720000006e+02 4.701146041129999897e-01 1.806217339220000107e-01 4.000000000000000000e+00
1.161480564080000022e+01 2.093287418410000045e-01 2.775570498070000225e-01 1.000000000000000000e+00
2.787843499830000127e+01 3.608761557759999905e-02 8.525412624429999642e-02 2.000000000000000000e+00
5.608823789169999685e+01 6.842763309110000414e-02 1.061410773770000010e-01 3.000000000000000000e+00
5.836140840449999700e+01 3.087481912849999732e-01 5.368214377300000173e-01 1.000000000000000000e+00
1.105718434909999992e+01 4.146537398990000067e-01 6.138062150719999499e-01 2.000000000000000000e+00
1.438459473149999894e+02 7.406975684290000306e-01 2.415880628219999882e-01 2.000000000000000000e+00
2.673186311050000086e+01 3.423556682530000117e-01 2.918631773229999893e-01 3.000000000000000000e+00
1.014944686990000022e+01 1.121199351970000035e-01 5.152271797249999841e-01 1.000000000000000000e+00
4.245255756569999903e+02 4.202835375710000099e-01 3.110237803529999900e-01 5.000000000000000000e+00
1.177485086479999943e+01 4.047017600769999834e-01 3.672367938530000098e-01 2.000000000000000000e+00
4.742864320940000056e+01 2.086627685469999993e-01 6.957625419799999544e-02 3.000000000000000000e+00
1.268946790589999978e+02 2.276014947280000089e-01 1.564739707009999981e-01 5.000000000000000000e+00
3.851558423490000109e+02 5.109431896560000519e-01 3.731569202220000325e-02 2.000000000000000000e+00
1.493437369239999946e+01 6.345751412229999611e-01 7.135084866119999480e-01 4.000000000000000000e+00
9.903851516110000475e+00 3.813598052609999678e-02 2.103022627039999870e-01 2.000000000000000000e+00
7.124962279960000444e+01 1.924459442700000023e-01 8.331275023770000343e-02 4.000000000000000000e+00
5.616429800110000059e+01 4.475974529680000202e-01 1.922532325559999922e-01 5.000000000000000000e+00
1.289806276730000079e+01 3.715598217700000205e-01 3.913277785929999975e-01 3.000000000000000000e+00
1.559672566140000072e+02 4.565617406510000253e-01 1.524265051839999996e-01 1.000000000000000000e+00
1.011371964669999990e+01 4.614171718599999750e-01 2.240774567949999907e-01 2.000000000000000000e+00
6.868327470879999908e+01 2.781728558359999881e-01 2.475266170079999939e-01 3.000000000000000000e+00
3.437960465699999872e+02 3.954555339640000167e-01 3.182946681320000248e-01 2.000000000000000000e+00
1.190466771510000044e+01 6.553531795310000296e-01 3.599750525609999863e-01 3.000000000000000000e+00
5.392912358059999889e+01 4.884243167749999781e-01 2.942750101800000184e-01 5.000000000000000000e+00
1.048277577760000057e+01 1.122555998029999974e-01 2.768221349760000005e-01 1.000000000000000000e+00
5.554368814939999766e+01 1.977772038710000069e-01 1.508238640760000138e-01 2.000000000000000000e+00
2.154017775490000020e+02 3.629100219329999821e-01 2.897901296709999852e-01 4.000000000000000000e+00
2.896848412439999834e+02 4.459796888059999742e-01 1.582663909669999869e-01 4.000000000000000000e+00
8.929787620529999970e+00 4.185091053480000101e-01 6.580900541990000185e-01 5.000000000000000000e+00
3.494866399760000064e+01 4.672215392779999754e-01 3.664719826280000148e-01 3.000000000000000000e+00
3.844223327610000069e+02 5.724080963390000276e-01 7.218189902570000538e-02 4.000000000000000000e+00
1.110674524679999919e+01 4.488636424910000255e-01 7.086268781300000263e-01 1.000000000000000000e+00
2.264696426149999908e+01 8.020484911429999475e-02 1.263335841450000108e-01 2.000000000000000000e+00
1.697373723649999988e+02 3.374789467140000276e-01 2.081476406290000136e-01 4.000000000000000000e+00
9.143526670299999992e+00 2.438505511790000080e-01 5.016782621950000021e-02 1.000000000000000000e+00
5.653589160509999800e+01 5.847000787659999838e-02 7.825301608460000224e-02 2.000000000000000000e+00
2.554720062540000072e+02 4.980862233460000010e-01 9.604628972470000137e-02 3.000000000000000000e+00
1.358606620269999894e+02 4.695860274809999790e-01 2.979687371549999964e-01 2.000000000000000000e+00
3.070807529520000045e+01 2.237475678860000039e-01 3.055121158840000128e-01 4.000000000000000000e+00
1.011637105660000024e+01 2.769457085939999730e-01 2.027686645429999934e-01 1.000000000000000000e+00
7.380724815269999795e+01 2.303723084039999980e-01 8.452768337839999813e-02 2.000000000000000000e+00
4.400511225049999808e+00 5.813684594600000421e-01 1.787508629100000024e-01 1.000000000000000000e+00
2.773026411449999884e+01 2.690770907430000136e-01 1.680350664939999905e-01 3.000000000000000000e+00
2.103845684750000089e+02 1.626271443439999964e-01 5.252963336940000283e-02 5.000000000000000000e+00
1.983399195920000011e+02 3.601093583059999936e-01 1.686355292289999919e-01 2.000000000000000000e+00
6.221969023770000007e+01 1.323302996110000129e-01 2.725871184670000114e-01 4.000000000000000000e+00
1.018821562679999992e+01 5.369422553520000196e-01 3.199024747859999795e-01 5.000000000000000000e+00
7.026446486279999704e+01 2.772146411620000084e-01 1.989993112469999881e-01 3.000000000000000000e+00
5.820582115479999885e+01 4.911484338700000118e-01 1.813697306519999886e-01 3.000000000000000000e+00
9.025600701849999297e+00 5.289766215929999627e-01 2.734827642329999975e-01 1.000000000000000000e+00
4.899670356389999881e+01 4.658102588460000248e-01 1.806708689310000115e-01 4.000000000000000000e+00
9.783854673129999568e+00 1.547663007350000008e-01 1.529934956229999921e-01 1.000000000000000000e+00
3.683743429460000129e+02 5.808218670939999662e-01 2.438742657509999912e-01 2.000000000000000000e+00
2.153248361989999893e+01 3.155801898869999844e-01 3.031885577849999791e-01 3.000000000000000000e+00
1.316451732960000065e+01 8.518951530469999478e-02 8.675250878239999797e-02 1.000000000000000000e+00
3.167003194109999953e+01 3.950100318270000077e-02 9.595172167679999475e-02 2.000000000000000000e+00
6.118215804390000301e+01 3.253587758589999990e-02 2.002221361970000016e-02 3.000000000000000000e+00
1.121939714290000012e+02 6.095878936330000053e-02 1.463189890649999915e-02 5.000000000000000000e+00
1.090259922969999984e+01 2.947105434680000191e-01 2.903923132389999925e-02 1.000000000000000000e+00
3.480869031070000119e+01 1.005551462879999969e-01 5.151532742920000157e-02 2.000000000000000000e+00
1.501563259600000038e+02 8.214456574709999570e-02 4.007038357699999748e-02 3.000000000000000000e+00
7.016444992799999625e+01 8.399856066090000128e-02 2.835096759679999953e-02 4.000000000000000000e+00
6.029207025720000246e+01 6.684048807400000403e-02 9.104084452919999904e-02 5.000000000000000000e+00
1.410818854060000049e+01 6.564814345289999853e-01 2.657318292579999852e-01 4.000000000000000000e+00
7.464710550300000591e+01 3.333638498179999909e-01 1.072151951649999990e-01 5.000000000000000000e+00
8.772022820940000187e+00 7.263791593259999457e-01 6.266044929099999772e-01 1.000000000000000000e+00
1.014221134870000043e+02 9.781799630699999915e-02 8.596380099000000552e-02 3.000000000000000000e+00
1.660945002129999892e+01 1.665508298970000134e-01 9.406258599290000244e-02 2.000000000000000000e+00
1.853671836750000068e+02 3.168522306189999749e-01 6.625118121940000437e-02 4.000000000000000000e+00
1.976594713389999924e+01 4.073572981690000150e-01 4.268927298169999940e-01 2.000000000000000000e+00
1.323033707499999991e+02 6.822569896220000152e-02 1.336556063269999928e-01 3.000000000000000000e+00
1.034379084080000055e+01 1.140955966929999982e-01 9.703531149369999664e-02 1.000000000000000000e+00
6.601777215209999383e+01 1.742996908039999918e-02 6.628922122369999836e-02 2.000000000000000000e+00
2.901676446649999974e+01 1.061511299139999975e-01 5.612607364450000053e-02 4.000000000000000000e+00
1.308310461799999871e+02 5.266381218269999831e-02 4.098293442789999880e-02 5.000000000000000000e+00
5.734410429339999560e+00 1.680471316790000114e-01 6.152221952830000395e-01 1.000000000000000000e+00
9.947022911860000249e+01 1.615912565200000039e-01 8.417161827569999422e-02 3.000000000000000000e+00
2.980934870129999936e+01 2.009546777610000112e-01 1.398668429630000043e-01 5.000000000000000000e+00
8.723303141440000275e+01 4.829722919839999906e-01 2.913656165230000261e-01 4.000000000000000000e+00
1.627977535809999949e+02 4.704912140509999730e-01 2.221288576350000099e-01 1.000000000000000000e+00
2.997596561670000170e+01 1.643866861690000125e-01 5.765779260159999836e-02 3.000000000000000000e+00
1.060927408420000084e+01 5.512763824220000553e-01 5.096862967099999864e-01 1.000000000000000000e+00
1.102648554820000015e+02 2.209816028540000088e-01 2.766507323330000268e-01 4.000000000000000000e+00
2.108097560650000091e+01 6.500624262980000401e-01 5.776571741370000179e-01 5.000000000000000000e+00
2.878650465329999975e+02 3.164631771070000044e-01 2.196401249359999919e-01 3.000000000000000000e+00
1.141756258140000035e+01 3.116321561470000168e-01 5.323622357110000536e-01 3.000000000000000000e+00
8.151570654089999834e+01 2.808290945979999842e-01 4.027542585009999954e-01 5.000000000000000000e+00
8.417577325250000797e+00 6.576867777429999951e-01 2.671567542030000020e-01 1.000000000000000000e+00
1.579641417809999950e+02 5.363479250639999751e-01 2.622965427510000058e-01 5.000000000000000000e+00
1.089647477609999981e+01 3.622414651019999904e-02 2.001386685569999935e-01 1.000000000000000000e+00
3.066546788189999972e+01 3.834142089939999998e-02 1.394368750220000008e-01 2.000000000000000000e+00
6.984551719670000125e+01 2.269665342530000074e-01 4.279795985559999849e-01 3.000000000000000000e+00
1.468838112189999947e+02 2.561867093910000226e-01 6.095334536480000176e-02 4.000000000000000000e+00
3.713849648490000277e+01 1.486129161760000039e-01 2.715509122290000188e-01 1.000000000000000000e+00
2.023775072550000118e+02 1.642777838160000003e-01 1.813013366229999923e-01 2.000000000000000000e+00
1.727762071989999981e+01 7.161543372209999703e-02 2.999086915820000088e-01 3.000000000000000000e+00
9.735788033759999394e+01 2.019621215359999888e-01 3.239398683849999960e-01 2.000000000000000000e+00
7.774855050280000235e+00 4.301895814669999818e-01 4.822797883289999810e-01 3.000000000000000000e+00
2.079365787520000026e+02 9.472786417060000130e-02 1.331307845649999932e-01 4.000000000000000000e+00
7.060258005209999688e+00 1.247643291100000024e-01 5.890780962080000016e-01 1.000000000000000000e+00
8.915437754420000260e+01 4.549174049240000128e-01 2.817998121089999863e-02 4.000000000000000000e+00
8.888495306350000291e+00 2.087687908230000111e-01 2.629305762599999929e-01 1.000000000000000000e+00
7.534634175150000601e+01 1.837713592100000126e-01 1.916377040130000098e-01 5.000000000000000000e+00
1.272322314710000057e+02 5.958495874929999880e-01 4.163616496190000044e-02 3.000000000000000000e+00
