1.256698678040000061e+01 3.091233732370000098e-01 2.045732674990000111e-01 1.000000000000000000e+00
2.639716736280000120e+01 9.518863227899999890e-02 1.141977992120000035e-01 2.000000000000000000e+00
7.444522071209999581e+01 8.448235191370000174e-02 2.423853689050000162e-02 4.000000000000000000e+00
1.693493009759999950e+02 7.443741495300000566e-02 1.925066189920000004e-01 5.000000000000000000e+00
1.297082614870000050e+01 4.648025247519999709e-02 1.867283846020000027e-01 1.000000000000000000e+00
3.195143704799999895e+01 6.005104689319999689e-02 7.085306431919999315e-02 2.000000000000000000e+00
1.098486091519999945e+02 1.397197512039999867e-01 1.267106083710000108e-01 3.000000000000000000e+00
5.551840972419999787e+01 3.034389243469999900e-02 1.196643207310000082e-02 4.000000000000000000e+00
1.256566207670000068e+01 2.516738617349999901e-02 1.721061237089999973e-01 1.000000000000000000e+00
2.954879130309999979e+01 5.130592114330000120e-02 5.024407534800000297e-02 2.000000000000000000e+00
7.085135121250000623e+01 3.153129873160000207e-02 4.426312484509999784e-02 3.000000000000000000e+00
1.262727584879999938e+02 7.288638147690000568e-02 8.212661564720000196e-02 5.000000000000000000e+00
1.222978749900000039e+01 2.552279787119999810e-01 1.283606642119999863e-01 1.000000000000000000e+00
3.136751565610000014e+01 3.685209479690000015e-03 4.025716987079999698e-02 2.000000000000000000e+00
5.147322035290000031e+01 3.729852796679999916e-02 4.072552232010000217e-02 4.000000000000000000e+00
1.482561714160000008e+02 1.004663364889999966e-01 1.606287070119999938e-01 5.000000000000000000e+00
1.219613329919999956e+01 2.395548011870000105e-01 1.536719743119999981e-01 1.000000000000000000e+00
2.695278398740000014e+01 1.069870847409999937e-01 9.862728253350000474e-02 2.000000000000000000e+00
6.906305878519999908e+01 8.812173981699999992e-02 6.039461271040000301e-02 4.000000000000000000e+00
7.162268949149999742e+01 2.034297035629999972e-01 4.331719983539999985e-02 4.000000000000000000e+00
2.784051500480000030e+01 3.335162213539999976e-01 1.099818767140000042e-01 2.000000000000000000e+00
1.140859635360000013e+01 2.004388088859999917e-01 1.299654822740000104e-01 1.000000000000000000e+00
3.120136908139999932e+01 3.160657367880000124e-02 2.280988133119999858e-02 2.000000000000000000e+00
1.930607569119999880e+02 4.416128098489999765e-01 1.228299082349999932e-01 3.000000000000000000e+00
5.181392463819999961e+01 2.871806388310000138e-02 8.666006704220000426e-03 4.000000000000000000e+00
1.246540404509999966e+01 2.651446949219999905e-01 1.026542743370000010e-01 1.000000000000000000e+00
2.798034746549999952e+01 3.187797874900000217e-02 6.886432857150000253e-02 2.000000000000000000e+00
6.304450839689999952e+01 1.178570850219999994e-01 3.267002384340000204e-02 4.000000000000000000e+00
1.561157723519999934e+02 1.330697000149999865e-01 1.628585451779999971e-01 5.000000000000000000e+00
1.227530356469999973e+01 1.021537985470000048e-01 1.339559883679999897e-01 1.000000000000000000e+00
2.564967113149999989e+01 2.911161612430000073e-02 4.085852907729999733e-02 2.000000000000000000e+00
7.486943517730000508e+01 1.576718784850000138e-02 2.271883581959999870e-02 4.000000000000000000e+00
1.163094464279999940e+01 4.410707501339999892e-01 2.237158026180000037e-01 1.000000000000000000e+00
2.652535538529999926e+01 1.294675916899999946e-01 6.584696061700000269e-02 2.000000000000000000e+00
8.107013562950000107e+01 1.256493202420000121e-01 6.691224000640000336e-02 4.000000000000000000e+00
2.096292490120000096e+01 1.560038619340000099e-01 1.273134790869999977e-01 2.000000000000000000e+00
7.517479714739999963e+01 1.664880102959999941e-01 6.974299952510000511e-02 4.000000000000000000e+00
1.252324984870000080e+01 9.330460477299999666e-02 6.084956788879999912e-02 1.000000000000000000e+00
2.870212240360000067e+01 8.894699612190000437e-02 8.810474205950000193e-02 2.000000000000000000e+00
6.116600170120000257e+01 7.561959368260000314e-02 6.576197660940000245e-02 4.000000000000000000e+00
1.251266500959999917e+01 1.093584573860000020e-01 7.019139553620000471e-02 1.000000000000000000e+00
2.862785303340000098e+01 1.126464503360000008e-01 2.078009638749999874e-02 2.000000000000000000e+00
1.507963137440000025e+02 1.706149452179999970e-01 1.922779340880000076e-02 3.000000000000000000e+00
6.521043178559999376e+01 1.886600233920000119e-02 2.763741642310000093e-02 4.000000000000000000e+00
2.165043025010000122e+01 3.952725466060000303e-02 1.715353155969999988e-01 2.000000000000000000e+00
2.399389253680000138e+02 3.794799080979999739e-01 1.399591925080000132e-01 3.000000000000000000e+00
5.873605252669999999e+01 4.499990100379999691e-02 4.133193210569999915e-02 4.000000000000000000e+00
1.135428899030000061e+01 2.947416384220000185e-01 2.149420644199999952e-01 1.000000000000000000e+00
2.998788025749999875e+01 6.889651631719999336e-02 3.496809281050000141e-03 2.000000000000000000e+00
2.024101675830000033e+02 2.516442215279999783e-01 3.961049116140000215e-02 3.000000000000000000e+00
5.314185694839999741e+01 1.109031016230000027e-01 2.606952019319999994e-02 4.000000000000000000e+00
3.330299357980000252e+01 8.939758850649999478e-02 6.031553653820000138e-02 2.000000000000000000e+00
6.393679470000000364e+00 6.843236915839999712e-01 8.776912487039999489e-01 3.000000000000000000e+00
6.714874330290000159e+01 1.832883963599999944e-01 3.617562014689999772e-02 4.000000000000000000e+00
4.130000469249999639e+00 4.545384372230000247e-01 2.521719511330000052e-01 1.000000000000000000e+00
3.065072633469999985e+01 9.485745061040000425e-02 4.745229688799999790e-02 2.000000000000000000e+00
8.111909226970000475e+01 5.207015698399999892e-02 1.004228307640000067e-01 4.000000000000000000e+00
1.606440444520000028e+02 1.836492361740000023e-01 4.535600180819999994e-02 5.000000000000000000e+00
1.598512905029999942e+01 3.147710857560000186e-02 1.422765715969999956e-01 1.000000000000000000e+00
3.791739072939999744e+01 7.307526593570000395e-02 2.814260372930000101e-02 2.000000000000000000e+00
8.419153609880000033e+01 7.424747713979999719e-02 1.159132849380000059e-02 4.000000000000000000e+00
7.524270349530000068e+00 7.301604928629999991e-01 6.760571381000000102e-01 1.000000000000000000e+00
2.936590647619999928e+01 1.154330081859999968e-01 9.151629354420000306e-02 2.000000000000000000e+00
9.658911817979999626e+01 4.145844816799999777e-02 6.937781829309999648e-02 4.000000000000000000e+00
2.323958861010000021e+01 5.156264798190000054e-01 9.145162824090000142e-02 2.000000000000000000e+00
1.319281186829999974e+01 5.362282596739999761e-03 1.508720093690000055e-02 1.000000000000000000e+00
3.219740766270000165e+01 1.267198370829999933e-03 7.134906085490000383e-03 2.000000000000000000e+00
6.915698730910000336e+01 2.673934920399999911e-03 8.079661365050000779e-03 3.000000000000000000e+00
9.496584783139999786e+01 1.865979605480000067e-02 1.099688673979999989e-02 5.000000000000000000e+00
1.145883861829999972e+01 4.036393618800000055e-02 3.654103160459999666e-02 1.000000000000000000e+00
3.411670379280000276e+01 1.648414250640000134e-01 5.845223299809999828e-02 2.000000000000000000e+00
6.882403841679999346e+01 3.945495732280000084e-02 2.185084809249999982e-02 4.000000000000000000e+00
6.839997696039999653e+01 8.684634409880000183e-02 4.127230742060000040e-02 4.000000000000000000e+00
2.821261101909999880e+01 8.943214000879999570e-02 7.253863096069999850e-02 2.000000000000000000e+00
2.384493697800000120e+02 3.272171727850000100e-01 1.093203014189999961e-01 3.000000000000000000e+00
1.231623540320000032e+01 3.209889985809999957e-01 3.780663205570000129e-01 1.000000000000000000e+00
2.668566724340000107e+01 8.191952169159999464e-02 4.235111389639999863e-02 2.000000000000000000e+00
7.220162017750000416e+01 1.320529451520000008e-01 1.328181469960000027e-01 4.000000000000000000e+00
2.002123025759999919e+01 2.503003054240000025e-01 6.078503785040000051e-02 2.000000000000000000e+00
7.238492124559999752e+01 1.678837945680000110e-01 2.919570420699999988e-02 4.000000000000000000e+00
1.277300772819999963e+01 8.669743919069999860e-02 2.876904614349999958e-02 1.000000000000000000e+00
2.509181127900000163e+01 6.725643492589999939e-02 1.313695890270000048e-02 2.000000000000000000e+00
5.806927680980000162e+01 8.685658302059999503e-02 7.179846006329999863e-02 3.000000000000000000e+00
1.019061415729999993e+02 3.102033888159999933e-02 1.636968652599999838e-02 4.000000000000000000e+00
2.077114932559999971e+01 1.784399845740000101e-01 1.990916073450000046e-01 2.000000000000000000e+00
6.203665960840000082e+01 1.013818589369999967e-01 9.352219778940000505e-02 4.000000000000000000e+00
1.222042203069999999e+01 1.648665711179999882e-01 2.459579173379999872e-01 1.000000000000000000e+00
2.739125574630000060e+01 3.564418362479999935e-02 5.674804660869999656e-02 2.000000000000000000e+00
6.938329816540000650e+01 6.121990254689999716e-02 5.569124702190000192e-02 4.000000000000000000e+00
1.381720995789999904e+02 1.331313923630000062e-01 1.420142150179999896e-01 5.000000000000000000e+00
9.802642266680000205e+01 2.364609868560000119e-02 9.364315650580000427e-02 4.000000000000000000e+00
3.061296179030000175e+01 3.166327865479999781e-01 1.183713220679999956e-01 2.000000000000000000e+00
1.215178210800000080e+01 7.956799313619999925e-02 3.694505963209999966e-02 1.000000000000000000e+00
2.400698243129999909e+01 9.091086917629999375e-02 1.407447485560000058e-02 2.000000000000000000e+00
8.791141126169999609e+01 5.919752055549999670e-02 1.967017922700000157e-02 4.000000000000000000e+00
9.723205577830000834e+00 8.162400397439999455e-01 3.479436618460000075e-01 1.000000000000000000e+00
3.069474561799999890e+01 1.730948500720000116e-01 1.675972419289999960e-01 2.000000000000000000e+00
7.175355112260000112e+01 2.447104909509999898e-02 3.811843415650000011e-02 4.000000000000000000e+00
1.178400980740000037e+01 2.870771216219999977e-01 4.229730440810000047e-01 1.000000000000000000e+00
2.816928422379999830e+01 2.128118166580000165e-02 5.275886532569999676e-02 2.000000000000000000e+00
5.959543830719999846e+01 7.543406277359999967e-02 6.810871879160000641e-02 4.000000000000000000e+00
2.155425136339999881e+01 1.317050456349999898e-01 1.108054835619999984e-01 2.000000000000000000e+00
6.197036657240000324e+01 1.571941407230000032e-01 1.058543773920000014e-01 4.000000000000000000e+00
9.722114698889999573e+00 2.156056835900000135e-01 7.851443678080000099e-02 1.000000000000000000e+00
2.520148761769999979e+01 9.124483541319999835e-02 1.007975105780000019e-01 2.000000000000000000e+00
1.126386558519999994e+02 1.565154472230000093e-01 4.101439641960000215e-02 4.000000000000000000e+00
2.094826539510000174e+01 1.213989076789999955e-01 1.190029911989999994e-01 2.000000000000000000e+00
6.240749466900000186e+01 5.627872057990000038e-02 9.013673672729999309e-02 4.000000000000000000e+00
3.537251416569999947e+02 3.986219243649999910e-01 1.609736500639999957e-01 5.000000000000000000e+00
1.110337515270000068e+02 2.373862867559999867e-01 4.450830611139999782e-02 4.000000000000000000e+00
2.686344585490000014e+01 4.605399916219999890e-01 7.159035011040000562e-02 2.000000000000000000e+00
2.017352248139999915e+01 3.340138005280000044e-01 9.003145780910000451e-02 2.000000000000000000e+00
7.075646903329999304e+01 2.333237273260000133e-01 4.609946176989999922e-02 4.000000000000000000e+00
3.352161178080000070e+01 5.427986527900000024e-02 6.760433259310000276e-02 2.000000000000000000e+00
1.135651632499999941e+01 5.783587617959999871e-01 5.891774913889999965e-01 3.000000000000000000e+00
7.446112817469999356e+01 6.093708255070000301e-02 3.217929061750000180e-02 4.000000000000000000e+00
1.227158534940000045e+01 1.237248807820000018e-01 2.552588321679999939e-01 1.000000000000000000e+00
2.873425432619999853e+01 1.161893680130000051e-01 4.866435178419999813e-02 2.000000000000000000e+00
6.515534364459999495e+01 1.068036801310000006e-01 4.368729447829999835e-02 4.000000000000000000e+00
6.670943375720000290e+01 7.943887340520000562e-02 1.176947974340000064e-01 4.000000000000000000e+00
3.160750845500000139e+01 1.420166961540000050e-01 1.875411096590000049e-01 2.000000000000000000e+00
2.937915939479999849e+01 1.953266040659999980e-01 1.085556890099999977e-01 2.000000000000000000e+00
6.847721784059999983e+00 2.480128327639999908e-01 6.213532822389999932e-01 3.000000000000000000e+00
9.372753827370000579e+01 2.149172745759999892e-01 5.469948650220000236e-02 4.000000000000000000e+00
2.057400483629999854e+01 7.427641215989999601e-02 7.037305709890000205e-02 2.000000000000000000e+00
6.649337699139999813e+01 5.065792934930000296e-02 8.360821139879999475e-02 4.000000000000000000e+00
1.575640402159999951e+02 1.818335844750000041e-01 1.715131619920000072e-01 5.000000000000000000e+00
2.070416638289999867e+01 3.883614398290000103e-01 3.601517443349999681e-02 2.000000000000000000e+00
6.249515830379999670e+01 2.575947169139999882e-01 9.065061431100000441e-03 4.000000000000000000e+00
6.397978483970000241e+01 1.304614924949999977e-01 6.533229664119999391e-02 4.000000000000000000e+00
2.859876085619999841e+01 1.226548010410000028e-01 4.308471306509999849e-02 2.000000000000000000e+00
2.082093818909999925e+02 3.059332487529999867e-01 1.662355851360000081e-01 3.000000000000000000e+00
2.339441328759999905e+01 9.788750996450000519e-02 1.024896585669999999e-01 2.000000000000000000e+00
5.896833987750000006e+01 2.121044286890000075e-01 6.246786275979999969e-02 4.000000000000000000e+00
1.166411811510000085e+01 1.158497473189999960e-01 1.837854607009999919e-01 1.000000000000000000e+00
2.703291759940000105e+01 9.278831039090000565e-02 1.638867073520000051e-01 2.000000000000000000e+00
1.434468571090000069e+02 6.826066648999999653e-02 2.117945578310000132e-01 3.000000000000000000e+00
6.689404767819999620e+01 3.651579760789999685e-02 9.477087246540000232e-02 4.000000000000000000e+00
3.041745429419999880e+01 1.593707322850000108e-01 1.302879806009999974e-01 2.000000000000000000e+00
8.367904475630000505e+00 7.303864120290000095e-01 2.730769762549999924e-01 3.000000000000000000e+00
6.942751417290000404e+01 7.640020471979999672e-02 5.202321100309999918e-02 4.000000000000000000e+00
1.272646103569999987e+01 4.103517836510000016e-01 3.053384214909999894e-01 1.000000000000000000e+00
2.722402765560000049e+01 1.663931006659999934e-01 9.208188856379999343e-02 2.000000000000000000e+00
7.376134194620000528e+01 5.285144317240000195e-02 3.713332485790000331e-02 4.000000000000000000e+00
2.007497908570000078e+01 1.250590027980000019e-01 2.247665844710000083e-01 2.000000000000000000e+00
7.054444056549999686e+01 1.248083455479999937e-01 1.131009857340000008e-01 4.000000000000000000e+00
1.279152435910000030e+01 8.649558401050000400e-02 1.651087312220000103e-01 1.000000000000000000e+00
2.701488589730000101e+01 2.093449149159999981e-02 1.079602977189999952e-01 2.000000000000000000e+00
1.269791059049999973e+02 4.043971823590000042e-02 4.099928109949999705e-02 3.000000000000000000e+00
7.416145610460000626e+01 6.709196981869999798e-02 4.229326672090000239e-02 4.000000000000000000e+00
3.210295448130000295e+01 2.161870139340000066e-02 3.303549406109999864e-02 2.000000000000000000e+00
9.179435246980000684e+00 8.804314250759999461e-02 3.679151186449999833e-01 3.000000000000000000e+00
7.328659925460000579e+01 4.987791282279999822e-02 3.862450586300000127e-02 4.000000000000000000e+00
1.102097739829999945e+01 5.104132959930000046e-01 4.583071675070000128e-01 1.000000000000000000e+00
3.012347379170000039e+01 5.002901415719999967e-02 5.829380172649999831e-02 2.000000000000000000e+00
6.393196669719999647e+01 1.066104024589999977e-01 5.532345149750000218e-02 4.000000000000000000e+00
6.856090615550000678e+01 5.487519340290000075e-02 1.007328938550000053e-01 4.000000000000000000e+00
2.844803357729999860e+01 1.101673854959999976e-01 9.104765315979999885e-02 2.000000000000000000e+00
1.177387677209999950e+01 5.357218490520000431e-01 2.389924141370000088e-01 1.000000000000000000e+00
2.781214160960000115e+01 1.027680752340000003e-01 9.102672038650000408e-02 2.000000000000000000e+00
8.545504060470000240e+01 1.407123984589999932e-01 5.200157590349999831e-02 4.000000000000000000e+00
6.636941940779999527e+01 5.096249410990000284e-02 5.589835628200000295e-02 4.000000000000000000e+00
3.145972142300000129e+01 5.292340343500000210e-02 3.872789296749999666e-02 2.000000000000000000e+00
1.944268804300000113e+02 2.659635026330000040e-01 9.677155413679999763e-02 5.000000000000000000e+00
2.932749898650000020e+01 1.388346550829999970e-01 4.103381830510000050e-02 2.000000000000000000e+00
6.786991810130000147e+01 4.502774956740000084e-02 2.537004118010000031e-02 4.000000000000000000e+00
8.279492155730000746e+00 3.806384484650000011e-01 3.954961384310000105e-01 1.000000000000000000e+00
2.788522663390000034e+01 1.076417276929999972e-01 5.863824031679999715e-02 2.000000000000000000e+00
2.383551619890000097e+02 3.055086340539999723e-01 1.433475036730000041e-01 3.000000000000000000e+00
6.476587215680000043e+01 1.634708901370000023e-01 8.331685918219999820e-02 4.000000000000000000e+00
1.183549527019999914e+01 2.869603373799999857e-01 1.405219484680000075e-01 1.000000000000000000e+00
2.935509824249999866e+01 1.058841308300000061e-01 3.416325818890000171e-02 2.000000000000000000e+00
6.475840654799999641e+01 3.369584662149999882e-02 4.415241624579999830e-02 4.000000000000000000e+00
2.143356348440000048e+01 9.833386227710000371e-02 1.800032785179999928e-01 2.000000000000000000e+00
6.592412410379999699e+01 9.772441890550000176e-02 1.476152038419999979e-01 4.000000000000000000e+00
2.669852043090000038e+01 3.748719978170000217e-02 1.144379656859999955e-01 2.000000000000000000e+00
8.770799823950000018e+01 7.581602899860000189e-02 5.955615827769999981e-02 4.000000000000000000e+00
9.675758382150000614e+00 4.792783210039999742e-01 3.142756695880000173e-01 5.000000000000000000e+00
1.269301952420000035e+01 9.651609718039999564e-02 1.019658538560000022e-01 1.000000000000000000e+00
2.880408548919999845e+01 1.019258673250000025e-01 9.079956354190000384e-03 2.000000000000000000e+00
1.056501265870000026e+02 1.157270727429999951e-01 6.102229761619999693e-02 3.000000000000000000e+00
6.390413960690000295e+01 2.658405951270000067e-02 2.717635086839999964e-02 4.000000000000000000e+00
1.073610870179999921e+01 2.038711105559999903e-01 1.200329800380000034e-01 1.000000000000000000e+00
2.809217887619999843e+01 7.475546974659999511e-02 1.169888446790000036e-01 2.000000000000000000e+00
6.244752432429999800e+01 1.553328742149999997e-01 8.090815669289999623e-02 4.000000000000000000e+00
2.066521523389999970e+02 3.135028185029999914e-01 4.444543637469999808e-02 5.000000000000000000e+00
1.772963350939999927e+01 2.735244247410000273e-01 9.526365566260000528e-02 2.000000000000000000e+00
1.002428717180000035e+02 1.147585625610000049e-01 6.719564408650000042e-02 4.000000000000000000e+00
1.161693890059999923e+01 1.273089805319999879e-01 3.976418946870000082e-01 1.000000000000000000e+00
2.737370152369999943e+01 9.499769496960000503e-02 1.372256767549999978e-01 2.000000000000000000e+00
6.722328588320000620e+01 1.288487059650000044e-01 1.297678034449999962e-01 4.000000000000000000e+00
1.429363240039999994e+02 1.313921523300000116e-01 1.405229649699999972e-01 5.000000000000000000e+00
1.224999113189999989e+01 2.714435956910000169e-01 5.075199444750000399e-01 1.000000000000000000e+00
3.007102992840000155e+01 8.008150908710000293e-02 5.380077201359999978e-02 2.000000000000000000e+00
1.794253112510000108e+02 2.899077941379999968e-01 2.028462678869999980e-01 3.000000000000000000e+00
5.736539599280000346e+01 6.116204396120000081e-02 3.237856042980000182e-02 4.000000000000000000e+00
1.155759628720000087e+01 3.614891390619999756e-01 1.506056127940000045e-01 1.000000000000000000e+00
2.648873129089999878e+01 7.415783172779999433e-02 1.288866781759999969e-01 2.000000000000000000e+00
7.052383028479999894e+01 7.746479924139999806e-02 9.775517415520000586e-02 4.000000000000000000e+00
3.344509744679999841e+01 6.012955825610000193e-02 1.496486885620000075e-02 2.000000000000000000e+00
9.101322429930000624e+00 2.530940020620000008e-01 6.034339960360000088e-01 3.000000000000000000e+00
6.632756901150000317e+01 1.039096623789999979e-01 9.295048573649999923e-02 4.000000000000000000e+00
2.017223099750000017e+02 3.395849362380000125e-01 7.946817959400000186e-02 5.000000000000000000e+00
2.059479751800000003e+01 1.428450589130000059e-01 3.370929616089999858e-01 2.000000000000000000e+00
6.612598761990000185e+01 1.256981103929999954e-01 1.652638636169999897e-01 4.000000000000000000e+00
2.076170344759999864e+02 2.814905671249999797e-01 3.924476370259999958e-01 5.000000000000000000e+00
1.249031195320000087e+01 6.647753051749999420e-02 1.706261189790000132e-01 1.000000000000000000e+00
2.718675771550000064e+01 1.593659384449999938e-01 1.680137821229999995e-01 2.000000000000000000e+00
2.200484518579999929e+02 1.662658301809999961e-01 3.090735219269999945e-01 3.000000000000000000e+00
8.106025983259999634e+01 1.892405524959999905e-02 8.395332683360000325e-02 4.000000000000000000e+00
9.304499166280000111e+01 2.368286185319999904e-01 2.836984659860000008e-02 4.000000000000000000e+00
2.524660418570000076e+01 1.472460614230000076e-01 8.938059715820000084e-02 2.000000000000000000e+00
7.879051322700000526e+01 2.158500002340000001e-01 4.655453026930000265e-02 4.000000000000000000e+00
2.519683688719999992e+01 4.678648091070000126e-01 1.475356033729999933e-02 2.000000000000000000e+00
2.450914721450000044e+01 1.094747356419999984e-01 3.338575975179999822e-02 2.000000000000000000e+00
9.494863598119999892e+01 1.242379790130000022e-01 9.751243650160000553e-02 4.000000000000000000e+00
1.097682791899999977e+01 1.146285537970000018e-01 1.655934186580000078e-01 1.000000000000000000e+00
2.718311962459999975e+01 2.099227497560000044e-01 7.771978163159999620e-02 2.000000000000000000e+00
6.304940424870000015e+01 5.835672605489999887e-02 3.898025558749999842e-02 4.000000000000000000e+00
1.255218235150000083e+01 7.321329436000000024e-02 3.972118913239999771e-01 1.000000000000000000e+00
3.159863078820000126e+01 7.127702729960000427e-02 3.248377085339999859e-02 2.000000000000000000e+00
1.507697277670000062e+02 6.776212060769999657e-02 6.747251068180000477e-02 3.000000000000000000e+00
5.882250419649999884e+01 6.522886302399999447e-02 6.181584224669999655e-02 4.000000000000000000e+00
2.051388031740000173e+01 2.137694474609999895e-01 9.266899357419999816e-02 2.000000000000000000e+00
6.390733644510000033e+01 6.327975457260000269e-02 3.927537222270000017e-02 4.000000000000000000e+00
1.573077704620000077e+02 8.691459369260000345e-02 4.291566899879999814e-02 5.000000000000000000e+00
1.084726260330000081e+01 5.913831961350000249e-02 1.894869357520000130e-01 1.000000000000000000e+00
2.995926460129999924e+01 5.854502862859999740e-02 4.271418636020000298e-02 2.000000000000000000e+00
1.439317093960000022e+02 5.434382691470000110e-02 4.063598282309999893e-02 3.000000000000000000e+00
5.554290603719999808e+01 3.943402496319999700e-02 4.360482353709999731e-02 4.000000000000000000e+00
1.293420087670000029e+01 2.668966641490000055e-02 1.267855350679999993e-01 1.000000000000000000e+00
2.944796350329999868e+01 1.005992422789999952e-01 1.025969196329999944e-01 2.000000000000000000e+00
1.725347745420000081e+02 2.068055848610000080e-01 1.662611194170000029e-01 3.000000000000000000e+00
6.524974937090000537e+01 3.293520156250000219e-02 4.472700387930000215e-02 4.000000000000000000e+00
2.098471850199999977e+01 3.035759028730000142e-01 2.040165549440000059e-01 2.000000000000000000e+00
6.782308421119999764e+01 1.067554087430000048e-01 8.558128283270000081e-02 4.000000000000000000e+00
1.328180889409999921e+01 5.465770036430000339e-02 2.750313892780000269e-01 1.000000000000000000e+00
2.571863080840000038e+01 5.383921384269999694e-02 6.820690335180000508e-02 2.000000000000000000e+00
7.733153576009999597e+01 1.022078647030000009e-01 8.689942957460000672e-02 4.000000000000000000e+00
1.655429711209999937e+02 2.291403648210000032e-01 1.972914217919999880e-01 5.000000000000000000e+00
2.178458883180000072e+01 1.784797990089999897e-01 9.798757817089999433e-02 2.000000000000000000e+00
6.117169959419999969e+01 5.945954826710000279e-02 4.400878285979999832e-02 4.000000000000000000e+00
1.942394962539999881e+01 1.533155202729999944e-01 2.416394490500000103e-01 2.000000000000000000e+00
1.001041955769999987e+02 2.140786065660000015e-01 1.042506209610000040e-01 4.000000000000000000e+00
2.913183444470000083e+01 5.067208294919999662e-02 2.611230974880000139e-02 2.000000000000000000e+00
7.436638918590000458e+01 1.750761600919999994e-01 3.818318573440000058e-02 4.000000000000000000e+00
8.274968125859999191e+00 2.961103072969999972e-01 2.559029605479999914e-01 5.000000000000000000e+00
1.841413287729999837e+01 1.520455350259999894e-01 1.239737589669999973e-01 2.000000000000000000e+00
8.251549014030000251e+01 2.189909936439999871e-01 6.844033816139999393e-02 4.000000000000000000e+00
8.685024724190000711e+00 3.335396239599999757e-01 2.032401203260000011e-01 1.000000000000000000e+00
3.311473388590000155e+01 9.734479984089999816e-02 1.196449930470000061e-01 2.000000000000000000e+00
2.471523593889999972e+02 2.371999259370000113e-01 1.139814235169999967e-01 3.000000000000000000e+00
6.775611397939999847e+01 8.719912285189999890e-02 7.947131659730000131e-02 4.000000000000000000e+00
8.642894262429999586e+00 2.695879432809999976e-01 8.017435538360000447e-01 1.000000000000000000e+00
2.409558763760000133e+01 1.162113412789999994e-01 9.340060458320000036e-02 2.000000000000000000e+00
1.027552576599999981e+02 8.806137296650000390e-02 5.634052892630000281e-02 4.000000000000000000e+00
2.241397883120000145e+01 3.887478210409999746e-01 1.843898154979999870e-01 2.000000000000000000e+00
9.406266283249999560e+01 2.700073184260000092e-01 3.025476899089999880e-02 4.000000000000000000e+00
1.966178128860000029e+01 3.107503965539999968e-01 7.553113597650000510e-02 2.000000000000000000e+00
6.279109312549999800e+01 1.337008729970000087e-01 3.483079520070000296e-02 4.000000000000000000e+00
3.042938738619999981e+02 4.797240052619999862e-01 7.484427466000000140e-02 5.000000000000000000e+00
2.250645213199999972e+01 4.875649269630000227e-02 2.882324986570000136e-01 2.000000000000000000e+00
8.647815410489999977e+01 2.323034601710000091e-01 9.144346007299999912e-02 4.000000000000000000e+00
8.494000900669999510e+01 2.702423826240000215e-01 4.769724867120000295e-02 4.000000000000000000e+00
2.656045609519999928e+01 7.539748737380000398e-02 1.550563934020000034e-01 2.000000000000000000e+00
2.377677965519999859e+01 1.048938139630000016e-01 2.201106472490000146e-02 2.000000000000000000e+00
5.294034049260000074e+01 1.100917716300000085e-02 2.688147789120000006e-02 4.000000000000000000e+00
1.263907069809999939e+01 2.165296234000000097e-01 1.649862090479999877e-01 1.000000000000000000e+00
2.961283483389999915e+01 5.077257166060000076e-02 8.381561154510000500e-02 2.000000000000000000e+00
6.183533965590000037e+01 8.882943609719999578e-02 6.078217750650000140e-02 4.000000000000000000e+00
1.664761055810000130e+02 1.426359788930000039e-01 1.900838409610000057e-01 5.000000000000000000e+00
1.243689681010000037e+01 4.304001321680000353e-03 3.344790621100000028e-01 1.000000000000000000e+00
2.851709237949999931e+01 4.972684876860000019e-02 5.997527573510000320e-02 2.000000000000000000e+00
6.196624780039999791e+01 4.150684595489999990e-02 1.105561493779999988e-01 3.000000000000000000e+00
1.004758597290000068e+02 2.018649205639999958e-02 2.982487747149999840e-02 4.000000000000000000e+00
1.000969083630000078e+01 5.017608650849999519e-01 6.031821693950000229e-01 1.000000000000000000e+00
2.434321909470000023e+01 1.263977351460000009e-01 8.370009001700000340e-02 2.000000000000000000e+00
9.458877028669999731e+01 2.285481852110000101e-01 4.138854803070000227e-02 4.000000000000000000e+00
2.030546477920000115e+01 1.270173898309999994e-01 1.249732485589999942e-01 2.000000000000000000e+00
7.293861918769999875e+01 3.279935513030000083e-01 7.543081572380000432e-02 4.000000000000000000e+00
1.073458075409999957e+01 1.283080121480000002e-01 4.651342884029999736e-01 1.000000000000000000e+00
3.123089935810000028e+01 1.334784300759999931e-01 1.077816986699999952e-01 2.000000000000000000e+00
6.466956317109999475e+01 5.565413723950000252e-02 5.462070894070000099e-02 4.000000000000000000e+00
1.823924263290000169e+01 3.610887404420000113e-01 1.736717581280000089e-01 2.000000000000000000e+00
8.693310300449999772e+01 2.762602935979999730e-01 1.077056673470000031e-01 4.000000000000000000e+00
1.910593288040000104e+01 1.983436146099999964e-01 1.569610243500000057e-01 2.000000000000000000e+00
6.808712905000000148e+01 1.668824114459999952e-01 7.870664338470000077e-02 4.000000000000000000e+00
6.762737923779999960e+01 1.799441683419999993e-01 1.933800340229999831e-02 4.000000000000000000e+00
2.879098214169999892e+01 1.759327437990000076e-01 1.014894748040000017e-01 2.000000000000000000e+00
2.378540758460000006e+02 4.226428858430000268e-01 1.259050587630000106e-01 3.000000000000000000e+00
1.984903796760000105e+01 2.149926324820000123e-01 4.500289876949999796e-02 2.000000000000000000e+00
6.617710324909999997e+01 6.975826505889999585e-02 4.939422451580000040e-02 4.000000000000000000e+00
1.201559039680000041e+01 5.054805726679999500e-01 7.910346275230000224e-01 1.000000000000000000e+00
3.004755425320000128e+01 1.306729085309999983e-01 8.475917947349999315e-02 2.000000000000000000e+00
6.336577045380000328e+01 1.308372718080000052e-01 3.032989728490000092e-02 4.000000000000000000e+00
