9.789054595739999698e+00 3.216978788529999966e-01 1.515509867120000131e-01 1.000000000000000000e+00
4.182983766160000272e+01 2.246477836649999893e-01 1.203756686689999994e-01 4.000000000000000000e+00
1.314381674180000026e+01 4.991864353570000246e-01 3.227307538629999861e-01 4.000000000000000000e+00
1.127810301570000036e+02 2.548118063839999725e-01 2.536796316459999923e-01 5.000000000000000000e+00
1.356356197809999919e+01 4.823660919000000158e-01 1.113581490640000032e-01 2.000000000000000000e+00
8.576806833610000069e+01 3.516702329129999804e-01 1.066715939019999976e-01 5.000000000000000000e+00
5.580370240860000308e+01 4.537026070030000247e-01 1.674439799240000082e-01 4.000000000000000000e+00
4.892469667560000062e+02 3.914646233390000063e-01 1.722107949499999957e-01 3.000000000000000000e+00
1.147703759810000079e+01 4.866946159550000206e-01 3.443633824730000237e-01 1.000000000000000000e+00
3.870200778760000304e+01 1.510052694460000122e-01 6.971941077240000062e-02 3.000000000000000000e+00
2.043694404249999934e+02 1.999437056520000089e-01 5.793664600119999980e-02 5.000000000000000000e+00
7.284952428530000645e+01 4.901511698409999895e-01 1.621776113179999868e-01 5.000000000000000000e+00
5.998870435999999806e+00 5.032905676890000457e-01 5.981822278070000332e-01 3.000000000000000000e+00
2.108600296250000099e+02 3.697666806789999816e-01 1.230448209209999977e-01 2.000000000000000000e+00
9.947145282730000204e+00 5.321658689749999560e-01 4.908777749500000120e-01 4.000000000000000000e+00
9.786600287420000654e+00 7.955291333099999695e-01 3.218611534790000173e-01 1.000000000000000000e+00
1.858723336580000023e+02 3.797263960580000153e-01 1.399328124889999969e-01 3.000000000000000000e+00
1.069940257170000031e+01 7.882569731109999589e-01 3.008084295369999883e-01 5.000000000000000000e+00
4.035843765349999899e+02 2.420326162120000069e-01 2.206174991079999925e-01 2.000000000000000000e+00
2.067735819460000002e+01 8.987066731319999502e-02 4.865988853950000137e-01 5.000000000000000000e+00
1.320280808849999943e+01 3.928789729339999814e-01 4.120237310729999991e-01 2.000000000000000000e+00
1.434823292449999883e+02 2.053861106759999888e-01 9.012344263310000103e-02 3.000000000000000000e+00
1.005787966219999952e+01 3.326074053970000111e-01 4.231035790349999687e-02 1.000000000000000000e+00
5.404909669239999914e+01 2.466724489340000048e-01 2.529299411100000006e-02 2.000000000000000000e+00
3.339946089840000099e+01 2.742541049309999979e-01 1.199062244480000039e-01 5.000000000000000000e+00
1.826831161910000105e+02 1.710941481970000011e-01 2.439337764819999865e-01 3.000000000000000000e+00
8.305003433110000444e+00 2.571773517109999796e-01 1.263542372670000136e-01 1.000000000000000000e+00
2.552597886119999941e+02 2.583233084359999876e-01 8.788611499180000453e-02 3.000000000000000000e+00
6.681756055949999507e+01 2.716820037539999788e-01 4.002257420309999758e-01 4.000000000000000000e+00
7.980270292280000177e+00 3.199545522700000255e-01 1.961398894009999949e-01 1.000000000000000000e+00
7.063664038790000177e+01 3.403798457789999898e-01 2.854047127189999755e-01 5.000000000000000000e+00
1.005262251289999931e+01 3.601212269779999753e-01 5.387997905400000453e-01 1.000000000000000000e+00
4.224319209029999911e+01 3.355781622840000034e-01 2.543122269190000173e-01 2.000000000000000000e+00
2.176350492830000007e+02 1.485415967469999876e-01 5.753741682090000031e-01 5.000000000000000000e+00
5.532545354219999822e+00 8.636132252710000401e-01 8.623752745270000242e-01 1.000000000000000000e+00
3.328418839519999892e+02 6.460489710369999861e-01 2.708294985229999993e-02 2.000000000000000000e+00
9.611611524769999804e+00 3.137929816210000000e-01 1.822752594179999908e-01 3.000000000000000000e+00
5.983606408330000193e+01 9.223746376760000310e-02 2.131416639750000064e-02 5.000000000000000000e+00
7.343115428750000007e+00 4.756303902269999884e-01 4.170027780350000213e-01 1.000000000000000000e+00
1.370463376399999902e+02 3.451896055340000213e-01 8.252885006269999879e-02 2.000000000000000000e+00
1.148476088890000035e+01 6.523530829510000295e-01 6.372007220709999809e-01 1.000000000000000000e+00
3.048102108930000043e+01 9.569355238109999995e-02 1.991435229740000090e-01 4.000000000000000000e+00
1.207968222679999997e+02 3.379979738339999873e-01 1.481362106759999964e-01 5.000000000000000000e+00
7.211938313270000123e+00 5.843889642520000427e-01 1.465847982150000062e-01 1.000000000000000000e+00
1.339267542050000088e+02 1.802500315299999933e-01 1.858677155410000115e-01 2.000000000000000000e+00
1.363137812859999976e+01 3.447421329920000166e-01 4.418064358309999745e-02 2.000000000000000000e+00
8.713032973460000719e+00 2.126022440299999983e-01 3.594963592140000275e-01 1.000000000000000000e+00
4.715541560719999836e+01 3.398731543219999929e-01 5.153113861240000287e-02 4.000000000000000000e+00
7.057848329999999670e+00 4.291915234149999980e-01 5.181550463039999999e-01 1.000000000000000000e+00
3.454772618279999961e+02 5.289296788120000370e-01 5.882478374680000233e-02 4.000000000000000000e+00
1.328117018480000056e+01 2.895256235829999913e-01 4.350084971350000052e-01 2.000000000000000000e+00
4.666859969359999809e+02 6.629617129760000394e-01 1.272099072950000076e-01 3.000000000000000000e+00
6.285133946740000255e+01 1.729165068930000049e-01 6.767803598249999553e-02 4.000000000000000000e+00
3.851177039019999881e+01 3.496548572340000272e-01 4.136358364619999728e-01 2.000000000000000000e+00
7.003053571849999770e+00 7.211050123709999982e-01 4.406780743590000271e-01 4.000000000000000000e+00
1.078304493519999951e+01 1.908623739629999871e-01 3.306096597359999834e-01 1.000000000000000000e+00
1.281960286270000040e+02 2.915824300670000202e-01 1.730710502629999870e-01 2.000000000000000000e+00
2.628433589879999843e+01 1.832986791489999989e-01 8.903655699809999435e-02 4.000000000000000000e+00
2.042215429790000059e+01 2.638992528499999879e-01 8.361077180779999396e-02 5.000000000000000000e+00
2.101437692689999892e+02 4.325575824039999961e-01 4.622458632330000289e-02 4.000000000000000000e+00
7.520882397650000328e+00 8.519832756799999851e-01 4.861724925129999875e-01 1.000000000000000000e+00
8.541595475760000511e+01 2.595403139090000089e-01 2.750487385629999948e-01 3.000000000000000000e+00
2.901270493950000073e+01 1.608525041280000067e-01 3.464409285400000260e-01 4.000000000000000000e+00
1.732743724599999879e+01 7.623594472689999846e-02 8.166010003779999860e-02 2.000000000000000000e+00
6.832148107010000615e+01 1.941233855620000115e-01 8.939068117670000146e-02 5.000000000000000000e+00
8.883822608439999158e+00 1.446609987620000037e-01 1.425519471849999997e-01 1.000000000000000000e+00
2.092214367569999922e+02 2.387628318739999922e-01 1.600659811559999868e-01 4.000000000000000000e+00
3.913988525879999969e+01 5.380824460859999769e-01 3.007570371209999927e-01 5.000000000000000000e+00
3.077743045380000098e+01 4.170863442809999988e-01 2.942954598170000047e-01 2.000000000000000000e+00
1.144621726710000047e+02 1.149286018570000040e-01 6.111051172009999977e-02 3.000000000000000000e+00
1.318743760679999966e+01 3.262890561519999830e-03 9.520623451349999669e-03 1.000000000000000000e+00
3.225570550060000130e+01 2.926211319599999854e-03 9.863275273840000495e-03 2.000000000000000000e+00
8.551316067129999965e+01 3.634641155229999948e-03 8.639790245840000757e-03 3.000000000000000000e+00
5.837448207900000341e+01 8.289394245880000664e-03 1.372708090119999919e-02 4.000000000000000000e+00
1.211505282959999974e+01 3.231206442760000130e-01 1.206421625339999942e-01 1.000000000000000000e+00
3.073945663840000009e+01 2.333283500289999868e-01 9.775346925380000440e-02 4.000000000000000000e+00
1.266291680720000024e+01 1.660949182679999914e-01 1.846302897450000091e-01 1.000000000000000000e+00
1.416355472939999913e+02 4.725031712480000090e-01 2.919089093769999810e-01 5.000000000000000000e+00
1.221205052850000072e+01 1.191868055860000053e-01 5.232377350639999536e-01 3.000000000000000000e+00
4.918223590699999903e+01 2.223070977380000035e-01 2.190993265249999988e-01 4.000000000000000000e+00
1.782029640609999888e+02 3.180152611520000172e-01 2.042883979139999973e-01 5.000000000000000000e+00
1.231004927060000043e+01 7.122956170230000661e-02 1.829012356299999920e-01 1.000000000000000000e+00
3.965969549599999766e+01 3.024541875530000201e-01 3.817708445910000109e-02 3.000000000000000000e+00
6.344640321410000006e+00 5.693076501289999758e-01 5.772858921579999691e-01 1.000000000000000000e+00
1.499089063049999879e+02 3.801016092539999947e-01 1.114040542840000064e-01 4.000000000000000000e+00
2.184381292329999980e+01 2.962784122279999988e-01 6.412332504750000162e-01 5.000000000000000000e+00
2.940794872280000050e+02 3.475941684439999846e-01 3.257538018439999905e-01 3.000000000000000000e+00
1.253586722670000064e+01 3.048067359530000076e-01 2.459306048990000104e-01 1.000000000000000000e+00
3.871548093319999850e+01 1.272037903959999938e-01 1.733587237720000118e-01 4.000000000000000000e+00
4.199507371160000275e+02 3.157522464429999842e-01 4.258993113560000099e-01 2.000000000000000000e+00
5.997326238720000191e+01 1.547009922839999996e-01 1.784928617609999879e-01 4.000000000000000000e+00
1.086202461889999960e+01 1.577524860129999873e-01 6.376912790780000506e-01 5.000000000000000000e+00
1.077009032469999994e+02 2.178788016329999966e-01 1.102300252909999972e-01 1.000000000000000000e+00
2.159123704799999999e+01 3.407788446930000159e-01 4.104024136750000218e-01 3.000000000000000000e+00
8.204583455759999921e+00 5.074053765720000220e-01 1.181352691699999902e+00 5.000000000000000000e+00
1.687615032740000132e+01 5.952678063499999839e-01 1.336385308620000045e-01 3.000000000000000000e+00
7.027967176170000130e+01 7.752380531550000231e-02 1.155125350119999977e-01 5.000000000000000000e+00
9.842630419349999826e+00 3.544753410439999836e-02 2.786571567339999889e-01 1.000000000000000000e+00
7.574523517830000685e+01 5.292695465609999900e-02 1.965664385460000052e-01 4.000000000000000000e+00
1.552603885010000084e+01 4.605292166289999822e-01 1.868920545240000120e-01 2.000000000000000000e+00
5.966474454709999975e+01 7.863814328269999598e-02 1.253074144190000072e-01 3.000000000000000000e+00
1.025947581349999993e+01 2.167072694440000113e-01 4.449411261060000067e-01 2.000000000000000000e+00
3.148325378079999837e+01 4.491145816210000141e-02 1.313164454090000044e-01 4.000000000000000000e+00
2.461781205139999997e+02 6.735034017340000290e-01 2.129470430419999893e-01 5.000000000000000000e+00
6.326368107649999928e+01 1.502455459189999953e-01 5.505048003229999765e-01 1.000000000000000000e+00
1.490797119240000024e+00 8.443154757730000348e-01 4.094251368819999959e-01 3.000000000000000000e+00
1.392182148759999905e+02 1.815637806940000043e-01 1.703970995920000009e-01 4.000000000000000000e+00
1.031632303409999984e+01 4.023595983300000123e-01 2.526260693010000113e-01 1.000000000000000000e+00
3.385224979329999684e+01 1.961028999530000094e-01 9.981671794389999908e-02 3.000000000000000000e+00
3.106589399630000230e+02 5.673934142490000276e-01 2.686846289470000149e-01 4.000000000000000000e+00
8.774352826210000345e+00 3.746249647550000117e-01 5.227270196829999493e-01 1.000000000000000000e+00
5.935450653449999692e+01 9.215220365519999346e-02 3.203156142599999923e-01 2.000000000000000000e+00
1.514675882410000085e+01 2.214244886210000041e-01 1.890618808229999892e-01 3.000000000000000000e+00
8.575910993719999453e+01 2.069447518039999878e-01 6.336115708240000477e-02 4.000000000000000000e+00
1.190220535449999950e+01 2.453110830449999891e-01 3.720405383959999868e-01 4.000000000000000000e+00
9.365182956239999612e+01 1.131008429850000052e-01 1.722803054200000017e-01 5.000000000000000000e+00
6.488257224049999650e+01 4.387806512030000272e-01 2.312816561109999891e-01 4.000000000000000000e+00
5.728478175750000290e+00 6.741836797100000389e-01 2.685623995659999763e-01 5.000000000000000000e+00
1.318510710199999991e+01 9.693610529939999942e-04 9.650275059639999362e-03 1.000000000000000000e+00
3.222894351280000080e+01 3.328196759260000203e-03 1.126051327220000016e-02 2.000000000000000000e+00
6.782131679399999769e+01 7.421564094810000414e-03 1.141868303259999974e-02 3.000000000000000000e+00
9.820795169849999695e+01 2.210935968789999942e-02 1.038594500199999972e-02 5.000000000000000000e+00
1.138881716570000080e+01 5.216669652569999593e-01 1.831969398739999866e-01 1.000000000000000000e+00
3.893943301889999731e+01 2.324082232440000118e-01 4.201019340550000286e-02 5.000000000000000000e+00
1.318114679670000022e+01 5.351794069690000155e-01 5.551975938159999790e-01 2.000000000000000000e+00
9.841056032759999539e+01 2.469319285400000119e-01 4.130249884739999877e-01 4.000000000000000000e+00
6.917604484780000007e+00 3.535904973499999771e-01 1.191805309450000072e+00 1.000000000000000000e+00
3.744116318709999973e+02 5.730259863579999502e-01 2.119260197449999994e-01 2.000000000000000000e+00
2.285402657819999916e+01 1.971356707899999949e-01 2.274614566969999918e-01 5.000000000000000000e+00
1.870726370830000107e+01 1.547745886799999915e-01 9.492960480180000216e-02 2.000000000000000000e+00
6.551206536710000705e+01 2.258869273730000071e-01 2.575689424909999858e-01 4.000000000000000000e+00
1.045468432100000022e+01 4.103231218560000060e-01 3.668848649429999886e-01 1.000000000000000000e+00
3.252068944700000230e+01 9.048617717319999698e-02 2.114730057839999955e-01 4.000000000000000000e+00
2.510033397480000019e+02 4.714169963920000206e-01 2.322021800259999880e-01 5.000000000000000000e+00
4.355288547140000333e+01 1.829039250099999958e-01 1.018917056160000001e-01 3.000000000000000000e+00
6.776461006099999906e+00 9.180597197590000258e-01 2.158152805699999899e+00 1.000000000000000000e+00
6.688523285690000364e+01 4.543468544770000173e-01 2.216831597430000134e-01 5.000000000000000000e+00
7.698372900079999859e+00 6.322164956729999785e-01 4.055824577009999876e-01 1.000000000000000000e+00
6.104337477309999827e+01 4.836211262510000108e-01 1.709061170850000033e-01 3.000000000000000000e+00
1.249878383899999967e+01 3.359302432469999933e-01 8.104255948170000293e-03 1.000000000000000000e+00
4.615204770409999924e+01 9.213188785949999460e-02 1.056401558480000030e-01 2.000000000000000000e+00
7.681506148290000624e+01 4.653688479819999974e-02 1.330200302330000056e-02 4.000000000000000000e+00
1.319656309890000045e+01 4.049954831459999949e-04 1.632721237059999927e-02 1.000000000000000000e+00
3.224327484009999978e+01 1.347209490909999970e-03 1.365653160329999977e-02 2.000000000000000000e+00
6.757810583660000248e+01 5.316285447939999784e-03 1.197355222009999914e-02 3.000000000000000000e+00
9.145330929700000411e+01 1.883455043039999888e-02 1.417269276889999985e-02 5.000000000000000000e+00
1.459850980180000057e+01 4.744961698290000029e-01 2.616497651049999873e-01 2.000000000000000000e+00
1.843237252490000060e+02 1.573584925119999867e-01 1.874180894559999977e-01 3.000000000000000000e+00
5.497106205200000062e+01 1.483669390640000030e-01 8.179401896450000375e-02 5.000000000000000000e+00
3.146648410710000121e+01 2.703982313159999928e-01 6.158983337639999806e-02 3.000000000000000000e+00
1.232220909889999945e+02 1.181336490950000012e-01 1.040592720269999938e-01 4.000000000000000000e+00
9.951206820630000394e+00 3.036177358659999936e-01 2.420458818460000106e-01 5.000000000000000000e+00
2.793501694089999887e+02 4.142350774460000218e-01 1.051506182740000045e-01 2.000000000000000000e+00
1.555372698959999944e+01 4.986888995100000055e-01 4.168931465710000173e-01 4.000000000000000000e+00
7.638632179910000097e+00 8.933214639280000480e-01 1.036107695369999915e+00 1.000000000000000000e+00
2.062999266440000099e+02 3.734928081450000215e-01 3.714092599049999971e-02 3.000000000000000000e+00
4.152386051370000075e+01 2.064611392759999886e-01 4.096467001910000100e-02 5.000000000000000000e+00
5.364580484330000232e+00 2.303137146360000054e-01 4.955379852880000269e-01 1.000000000000000000e+00
3.336435214059999907e+02 2.755263759400000123e-01 3.433718032949999999e-01 4.000000000000000000e+00
3.800433640400000002e+01 2.952619383339999959e-01 2.599092468020000046e-01 5.000000000000000000e+00
7.293969062130000225e+01 4.559409034429999785e-01 1.473770757950000065e-01 1.000000000000000000e+00
8.879562285849999625e+00 1.502484600679999949e-01 1.882466771519999971e-01 2.000000000000000000e+00
5.421170347319999649e+01 1.934098656340000055e-01 1.084419276370000018e-01 2.000000000000000000e+00
2.110039029629999874e+01 1.966404628860000114e-01 6.116954014079999807e-02 4.000000000000000000e+00
1.128647401849999987e+01 3.874132399399999871e-01 1.754196395269999875e-01 2.000000000000000000e+00
6.236898772280000003e+01 2.928168923460000017e-01 1.113265173879999931e-01 4.000000000000000000e+00
1.029786070529999975e+01 1.483972572470000084e-01 7.214470278369999878e-02 1.000000000000000000e+00
2.859595722170000087e+01 2.951823449620000206e-01 3.702700106009999825e-02 2.000000000000000000e+00
5.093820428450000293e+01 1.643542830409999989e-01 1.055751921760000045e-01 3.000000000000000000e+00
6.303611905650000402e+00 1.905103047689999940e-01 1.141635623329999988e-01 4.000000000000000000e+00
4.462653310860000033e+02 4.243962538039999788e-01 1.334648380319999883e-01 5.000000000000000000e+00
8.063536971870000514e+00 8.529194701179999560e-01 2.487765489029999944e-01 1.000000000000000000e+00
3.619580839669999932e+02 4.899154181479999925e-01 9.373999386539999534e-02 2.000000000000000000e+00
6.841584524850000548e+01 1.337727278239999873e-01 7.747193557749999793e-02 3.000000000000000000e+00
3.728723376159999958e+01 4.146743279750000205e-02 8.971646687619999616e-02 5.000000000000000000e+00
1.052460683209999992e+01 2.631448430100000180e-01 1.708084961040000072e-01 1.000000000000000000e+00
9.518618721990000608e+01 1.706259302079999873e-01 1.225523595309999936e-01 3.000000000000000000e+00
1.556885412929999859e+02 2.061658349119999956e-01 4.419705331610000038e-02 4.000000000000000000e+00
1.929457180129999827e+01 7.645039061139999870e-01 1.086426972299999960e+00 5.000000000000000000e+00
4.218393361149999805e+02 5.545243530800000320e-01 1.444681414910000128e-01 4.000000000000000000e+00
3.561156471980000049e+01 2.624587822219999755e-01 1.384328289489999975e-01 1.000000000000000000e+00
7.712044883979999987e+00 5.279385933819999988e-01 4.173605353659999850e-01 5.000000000000000000e+00
9.252197088169999972e+00 1.195394591660000061e-01 7.026940648230000086e-01 2.000000000000000000e+00
1.870699536690000002e+02 3.997134727080000061e-01 2.732733542199999865e-01 4.000000000000000000e+00
2.700005936770000048e+01 1.035673136339999995e-01 1.106477293750000035e-01 5.000000000000000000e+00
9.213369792840000017e+00 2.939850446680000173e-01 4.520401147729999902e-01 1.000000000000000000e+00
4.548004834249999817e+01 4.295229910059999989e-01 1.275653799370000119e-01 3.000000000000000000e+00
4.905041601909999827e+00 9.284930754650000395e-01 4.246680595399999758e-01 1.000000000000000000e+00
8.804710654660000557e+01 2.445495879959999896e-01 1.177490346219999956e-01 2.000000000000000000e+00
8.088802495359999511e+00 8.479925917689999926e-01 7.637160013289999716e-01 2.000000000000000000e+00
7.379844447879999336e+01 1.695007338110000039e-01 2.371990840250000065e-01 3.000000000000000000e+00
9.641067150239999606e+00 4.917345790959999907e-01 6.827743522460000269e-01 1.000000000000000000e+00
5.344459187630000230e+01 1.515964597839999928e-01 5.081418113329999597e-01 3.000000000000000000e+00
1.282660822180000082e+01 1.950499905139999879e-01 6.525410246009999415e-02 1.000000000000000000e+00
2.906737729490000177e+01 3.544102345840000057e-02 6.579967740379999430e-02 2.000000000000000000e+00
1.378472754690000102e+02 8.223815160580000283e-02 1.485601145669999956e-01 3.000000000000000000e+00
6.975060941339999943e+01 4.113167031829999959e-02 4.880027532410000091e-02 5.000000000000000000e+00
1.185264799259999968e+01 2.366977681530000044e-01 7.284292844509999698e-01 1.000000000000000000e+00
3.891557221599999821e+02 1.988215414170000084e-01 7.712425191329999596e-02 3.000000000000000000e+00
1.532151201769999993e+01 1.414012414130000062e-01 1.916940081840000087e-01 2.000000000000000000e+00
7.780092196360000045e+00 5.493900602610000128e-01 5.283343324699999455e-01 3.000000000000000000e+00
5.813560171729999837e+01 3.100098112279999762e-01 2.163499573779999879e-02 4.000000000000000000e+00
1.185767075290000072e+01 3.837728270190000068e-01 3.385609536190000157e-01 4.000000000000000000e+00
5.271525812419999824e+01 3.812190087609999833e-02 6.844428332889999911e-02 5.000000000000000000e+00
2.565375987740000028e+02 4.229288167690000155e-01 3.814956933940000239e-02 5.000000000000000000e+00
4.472792606210000343e+01 4.847778549610000098e-01 1.007847641480000001e-01 4.000000000000000000e+00
2.046422382289999931e+01 2.465076452649999916e-01 2.692351346949999891e-01 2.000000000000000000e+00
7.925064437109999460e+01 2.748647422520000272e-01 2.465925261309999950e-01 4.000000000000000000e+00
1.318496111099999979e+01 6.132094136719999514e-04 4.499291050839999626e-03 1.000000000000000000e+00
3.215215277419999751e+01 2.064936054020000133e-03 3.939340273030000027e-03 2.000000000000000000e+00
6.842912793029999818e+01 9.481176396810000670e-03 2.833505273809999898e-03 3.000000000000000000e+00
9.176589089969999691e+01 2.124385514939999831e-02 1.572990103119999974e-03 5.000000000000000000e+00
1.059955823369999983e+01 5.570041584549999536e-01 1.999266146450000003e-01 1.000000000000000000e+00
4.119355236239999840e+01 4.183765660060000113e-02 1.251359521659999863e-01 3.000000000000000000e+00
8.567828933069999664e+01 1.329244784109999966e-01 1.583410994699999963e-01 4.000000000000000000e+00
9.716806056430000282e+00 1.964192041950000023e-01 4.764336087409999920e-01 1.000000000000000000e+00
2.981798459190000017e+01 1.863528280760000100e-01 3.573184210879999934e-01 3.000000000000000000e+00
1.894298697380000078e+02 3.110057548749999845e-01 1.975621082219999880e-01 4.000000000000000000e+00
7.610086498790000320e+00 6.636462478750000393e-01 1.123875718709999916e+00 1.000000000000000000e+00
4.186628444530000337e+01 1.825736362379999922e-01 3.865395888670000168e-01 2.000000000000000000e+00
1.517863965489999885e+02 3.231008736629999989e-01 2.204580118560000024e-01 3.000000000000000000e+00
1.027814848110000057e+01 5.475486500130000156e-01 3.714007481670000277e-01 1.000000000000000000e+00
3.460440765919999961e+01 2.044791826600000084e-01 4.135028584000000063e-01 3.000000000000000000e+00
4.780052469959999826e+02 5.860944621960000323e-01 9.681795318590000199e-02 4.000000000000000000e+00
1.319626111800000068e+01 3.931220376399999737e-03 1.637871903519999908e-02 1.000000000000000000e+00
3.228243499090000057e+01 4.865347288359999842e-03 8.699072848460000576e-03 2.000000000000000000e+00
5.127826964310000335e+01 3.451543537699999775e-01 3.551425407730000039e-01 3.000000000000000000e+00
8.554567170590000558e+01 1.972948064149999958e-01 9.018891027370000424e-02 4.000000000000000000e+00
9.644852159810000103e+01 3.974103950860000123e-02 8.479550328889999631e-04 5.000000000000000000e+00
8.293565744180000365e+00 6.035339238310000187e-01 2.710944098590000184e-01 1.000000000000000000e+00
2.496114753129999997e+01 1.204942465049999994e-01 1.646686870259999880e-01 2.000000000000000000e+00
1.704728757679999944e+02 3.250326203219999766e-01 8.296512230729999327e-02 4.000000000000000000e+00
