4.862068004420000022e+01 1.689005791329999950e-01 2.669759255070000004e-01 2.000000000000000000e+00
1.965297720300000037e+02 2.644805680549999760e-01 1.739132875739999862e-01 3.000000000000000000e+00
1.085745375549999991e+01 6.896999079090000428e-01 6.457873194709999876e-01 2.000000000000000000e+00
4.518397503720000259e+02 7.773795738859999860e-01 1.677698267999999937e-01 5.000000000000000000e+00
3.846374674990000244e+02 5.068612400459999723e-01 2.214757532090000092e-01 1.000000000000000000e+00
2.078574234530000098e+01 2.437146368510000050e-01 3.198360157460000130e-01 4.000000000000000000e+00
8.661845447350000171e+00 4.746268632449999747e-01 1.306663325730000047e-01 2.000000000000000000e+00
6.039956974689999925e+01 3.537502464480000164e-01 1.011804605990000022e-01 3.000000000000000000e+00
1.082755745769999933e+01 5.375456139419999557e-01 6.567936950580000044e-01 1.000000000000000000e+00
1.606990945839999938e+02 5.219684889650000326e-01 3.102576045780000014e-01 2.000000000000000000e+00
9.688605704080000436e+00 4.271235287869999953e-01 3.516260058590000015e-01 1.000000000000000000e+00
4.470190763539999779e+01 2.511084338569999908e-01 1.877263688170000000e-01 4.000000000000000000e+00
1.151779986690000079e+01 3.935945242439999742e-02 2.740489963950000149e-02 1.000000000000000000e+00
3.083629034439999828e+01 6.110390798669999846e-02 1.438892146230000002e-01 2.000000000000000000e+00
1.654400511569999992e+02 1.990140167870000087e-01 5.589384962459999912e-02 3.000000000000000000e+00
8.394357284359999483e+01 9.635172593549999609e-02 3.352868573509999728e-02 5.000000000000000000e+00
8.304731797309999664e+00 1.845518023970000032e-01 2.342629678550000039e-01 2.000000000000000000e+00
3.308832679910000252e+02 6.433225839359999476e-01 1.078956824459999936e-01 4.000000000000000000e+00
2.423197562700000063e+01 1.203434578659999948e-01 2.101988285589999894e-01 1.000000000000000000e+00
1.045053084329999926e+01 2.106180260330000054e-01 8.389349062240000210e-01 3.000000000000000000e+00
9.599396011059999978e+01 2.027081593919999869e-01 2.933624786860000166e-01 5.000000000000000000e+00
4.641108506519999821e+01 2.243291234520000121e-01 2.497396861189999928e-01 2.000000000000000000e+00
2.460435043720000081e+01 2.861471737899999868e-01 1.733619280950000063e-01 5.000000000000000000e+00
1.158409764219999971e+02 4.214025124260000199e-01 3.451572002850000209e-01 4.000000000000000000e+00
1.351757332440000070e+01 3.139923596110000270e-01 3.407030083490000250e-01 1.000000000000000000e+00
1.139905495489999936e+02 4.010733481000000045e-01 1.973396876129999977e-01 4.000000000000000000e+00
1.824681018200000082e+01 7.196082878920000425e-01 2.499478394079999999e-01 2.000000000000000000e+00
2.914858898260000046e+02 2.887278058530000080e-01 1.007535076130000040e-01 5.000000000000000000e+00
3.927773210720000208e+01 2.615328703429999901e-01 5.558570135799999895e-02 3.000000000000000000e+00
3.006854768019999824e+02 5.646714727989999849e-01 1.126020165180000032e-01 2.000000000000000000e+00
3.612408634020000164e+01 1.996558774219999999e-01 2.120413475069999887e-01 5.000000000000000000e+00
1.077201359289999942e+02 4.312631715940000166e-01 1.777004893590000134e-01 3.000000000000000000e+00
8.391817547349999629e+00 5.452453242670000089e-01 1.564155214379999992e-01 1.000000000000000000e+00
9.553165656189999311e+01 1.522495511449999950e-01 9.238419249000000277e-02 2.000000000000000000e+00
1.511499931129999936e+02 3.073080042279999896e-02 1.192811871799999979e-01 3.000000000000000000e+00
2.948512228019999881e+01 5.539620059940000146e-02 1.246206061220000022e-01 5.000000000000000000e+00
1.984706234120000090e+02 3.028566435080000119e-01 7.601612605110000080e-03 5.000000000000000000e+00
1.616824088790000147e+01 7.216962272260000200e-01 3.239793719790000082e-01 2.000000000000000000e+00
1.243857834539999985e+01 2.543152187559999944e-01 6.179415189089999538e-01 2.000000000000000000e+00
4.689739753129999826e+02 7.048533130840000105e-01 1.205626695800000037e-01 5.000000000000000000e+00
7.321944024159999564e+00 4.057979834859999912e-01 8.788698536510000658e-02 1.000000000000000000e+00
7.480639554319999718e+01 4.901382619690000109e-01 1.073450502620000024e-01 4.000000000000000000e+00
1.846453811529999882e+02 6.124541667760000085e-02 7.767283462059999810e-02 5.000000000000000000e+00
2.331682014380000112e+01 3.506227129060000003e-01 8.695514649600000201e-02 2.000000000000000000e+00
6.089322334519999913e+01 2.199987199850000075e-01 6.291841767380000616e-02 3.000000000000000000e+00
6.284126909470000300e+00 5.671797285490000062e-01 6.025960979810000007e-01 1.000000000000000000e+00
7.832379521209999496e+01 2.929195498300000144e-01 8.946802191329999987e-02 3.000000000000000000e+00
8.285485701029999817e+00 5.485881249080000188e-01 7.150897846349999476e-01 4.000000000000000000e+00
3.077893381640000143e+02 5.518514147980000395e-01 2.391048418670000120e-01 5.000000000000000000e+00
8.825260002029999384e+00 8.155236875950000464e-01 7.703922467339999747e-01 1.000000000000000000e+00
2.233756917409999971e+02 2.508361247459999777e-01 7.796811938910000461e-02 2.000000000000000000e+00
3.754541157279999908e+01 3.300476118080000187e-01 1.461171077400000018e-01 4.000000000000000000e+00
1.224420334989999937e+01 2.204513447900000034e-01 2.062109994349999864e-01 1.000000000000000000e+00
2.722303594519999947e+01 6.486339041949999717e-02 4.175187865250000185e-01 2.000000000000000000e+00
3.343733737150000138e+02 2.552262485799999814e-01 3.304276636039999993e-01 4.000000000000000000e+00
7.082782353909999529e+01 6.302611492619999978e-02 2.850890855909999910e-01 5.000000000000000000e+00
4.092757798910000133e+02 4.271998785980000157e-01 8.497144518280000391e-02 1.000000000000000000e+00
1.243293873290000029e+01 2.446932346840000050e-01 1.860166383109999877e-01 3.000000000000000000e+00
7.781567952100000696e+01 8.145375811089999862e-01 8.096476010480000429e-01 5.000000000000000000e+00
7.634150791259999735e+00 2.931166270950000263e-01 1.759425592249999892e-01 3.000000000000000000e+00
7.561708059539999738e+01 3.794943467449999885e-01 5.748718188839999771e-02 5.000000000000000000e+00
7.577413393449999646e+00 3.947348058910000179e-01 3.199041958139999808e-01 1.000000000000000000e+00
5.183682860830000436e+02 7.670422206460000281e-01 2.051864164459999904e-02 2.000000000000000000e+00
1.062066170710000002e+01 3.835242562130000143e-01 2.375321738820000000e-02 1.000000000000000000e+00
5.002323613909999978e+01 8.750996755369999658e-02 3.820173627540000144e-02 4.000000000000000000e+00
1.500375178240000018e+01 8.802281135730000150e-01 5.909448660230000039e-01 1.000000000000000000e+00
1.523737832469999987e+01 1.856227403759999894e-01 4.083129314350000261e-01 2.000000000000000000e+00
1.465013948159999870e+02 4.707696835240000044e-01 2.771936869489999844e-01 4.000000000000000000e+00
1.046060292179999962e+01 1.894556810659999979e-01 4.746550692399999910e-02 1.000000000000000000e+00
5.618273537769999848e+01 3.038048649619999875e-01 6.001254217710000338e-02 4.000000000000000000e+00
1.089184657670000078e+01 4.960453984250000059e-01 6.321869970210000078e-01 5.000000000000000000e+00
1.552430655320000064e+01 2.997104384659999843e-01 3.059510508230000037e-01 1.000000000000000000e+00
3.712609803099999795e+02 6.733221473099999521e-01 1.124351592530000027e-01 3.000000000000000000e+00
1.073671196099999925e+01 2.665505776750000111e-01 1.124215115609999982e-01 1.000000000000000000e+00
3.205079235719999815e+02 6.095868427989999949e-01 2.013895071300000061e-01 2.000000000000000000e+00
2.693149784859999940e+01 2.327498204940000037e-01 2.532383503610000086e-01 3.000000000000000000e+00
2.589314359709999849e+02 3.590913466219999850e-01 1.976633321529999987e-01 4.000000000000000000e+00
4.782393195950000120e+01 5.906606871149999716e-01 3.454682090150000273e-01 3.000000000000000000e+00
9.043567309549999322e+00 4.177688796610000144e-01 3.068719094910000167e-01 1.000000000000000000e+00
3.163482310530000063e+01 1.783783891509999886e-01 1.194073493510000028e-01 2.000000000000000000e+00
1.625514577330000066e+02 5.413288468439999557e-01 1.863379138590000039e-01 3.000000000000000000e+00
6.580318748629999881e+00 6.325693074529999960e-01 2.497550165680000045e-01 1.000000000000000000e+00
3.368584297890000130e+02 4.760081895039999789e-01 1.021013460469999967e-01 3.000000000000000000e+00
1.052736830299999937e+01 6.073885991990000260e-02 4.216221007370000162e-01 2.000000000000000000e+00
3.161487188870000153e+01 2.152056825479999880e-01 1.417402906690000131e-01 4.000000000000000000e+00
1.002256387659999959e+01 6.700112147450000277e-01 3.687022704469999912e-01 1.000000000000000000e+00
2.731935619880000132e+01 1.931996430990000069e-01 2.094495060860000063e-02 2.000000000000000000e+00
2.154117678800000135e+02 1.743037650779999947e-01 1.547335555899999882e-01 3.000000000000000000e+00
1.223096207659999912e+01 6.300332127970000029e-02 3.482470100150000247e-01 1.000000000000000000e+00
2.295974772739999992e+01 9.824033117290000006e-02 1.571713508339999954e-01 2.000000000000000000e+00
1.131618287019999940e+02 2.348541527709999965e-01 7.906275328169999617e-02 5.000000000000000000e+00
1.735066880409999968e+01 7.355477912879999636e-01 4.112765755919999822e-01 4.000000000000000000e+00
2.718896366870000065e+02 5.914171460010000381e-01 5.863724937830000483e-01 5.000000000000000000e+00
1.317541282750000065e+01 4.489043122479999953e-03 4.697555064390000062e-02 1.000000000000000000e+00
3.098710780409999899e+01 7.132831949970000474e-02 8.843900811119999317e-02 2.000000000000000000e+00
5.616523996459999779e+01 2.901709777130000167e-02 2.757963924620000090e-02 3.000000000000000000e+00
9.367215721549999330e+01 2.196069596779999869e-02 1.881402866370000121e-02 4.000000000000000000e+00
7.095071737400000700e+01 2.278414137650000004e-01 1.640648852690000103e-01 1.000000000000000000e+00
1.126806235119999933e+01 3.507613179479999732e-01 1.001023099939999939e-01 2.000000000000000000e+00
2.695914479620000179e+02 4.175305192279999966e-01 8.379123995319999463e-02 4.000000000000000000e+00
8.481113896169999578e+01 1.427252007300000014e-01 2.958071983159999974e-01 2.000000000000000000e+00
2.647318137010000214e+02 3.015256479569999870e-01 4.286180175579999974e-01 3.000000000000000000e+00
1.083370805000000026e+01 2.627570087450000202e-01 8.244510838190000079e-02 5.000000000000000000e+00
9.051280819969999669e+00 1.861321370859999880e-01 5.986097187969999789e-01 1.000000000000000000e+00
4.686563013199999972e+01 4.442261579890000034e-01 7.436558680169999547e-02 2.000000000000000000e+00
1.103863227429999938e+01 4.281717578679999914e-01 5.339375045340000181e-01 1.000000000000000000e+00
2.414310198529999951e+01 8.878344622549999565e-02 1.324002298739999917e-01 2.000000000000000000e+00
1.717738793629999918e+02 1.268732091920000138e-01 2.079418369549999868e-01 4.000000000000000000e+00
8.337160000820000860e+00 6.198777243080000332e-01 9.300007633089999448e-01 1.000000000000000000e+00
2.881721945310000166e+01 2.021723438899999947e-01 5.840333333690000267e-02 2.000000000000000000e+00
1.086340877629999966e+02 1.843321498630000055e-01 7.653715739380000105e-02 5.000000000000000000e+00
1.677036850970000046e+02 1.561982988539999950e-01 3.823981374549999951e-02 5.000000000000000000e+00
2.208078089720000037e+01 4.350036507689999943e-01 8.059209204259999704e-02 4.000000000000000000e+00
4.291515532790000265e+01 6.924719190270000047e-01 2.837010143700000042e-01 2.000000000000000000e+00
1.099962249650000068e+01 1.865822381620000081e-01 1.031453377220000051e-01 1.000000000000000000e+00
6.211885942459999654e+01 1.031003644490000037e-01 2.475769958220000108e-02 3.000000000000000000e+00
1.995913909209999986e+02 5.789937745760000143e-02 3.126276745590000211e-02 5.000000000000000000e+00
5.810134196860000344e+01 4.077034219200000031e-02 2.096265693300000121e-01 4.000000000000000000e+00
1.807664383030000010e+01 7.208766559079999858e-01 1.526914050790000033e-01 5.000000000000000000e+00
1.457027516519999999e+01 3.428505969130000164e-01 9.507995683410000454e-02 3.000000000000000000e+00
1.788570523809999884e+02 4.300908275229999855e-01 9.613765592310000163e-02 5.000000000000000000e+00
9.708115371639999935e+00 1.877355854109999944e-01 3.222943005530000127e-01 1.000000000000000000e+00
2.976004723620000050e+02 5.262678601010000179e-01 2.504749608490000057e-01 2.000000000000000000e+00
3.717836343830000345e+01 1.891657628470000130e-01 2.310564621149999998e-01 3.000000000000000000e+00
8.591155857409999541e+00 2.941440172829999922e-01 2.986227967819999884e-01 1.000000000000000000e+00
1.593649079660000041e+02 4.634639171350000142e-01 1.652914717379999898e-01 4.000000000000000000e+00
1.161688908660000052e+01 1.585821817489999896e-01 3.953222464780000167e-01 1.000000000000000000e+00
2.791945777009999929e+01 8.887831988269999373e-02 6.051918540409999964e-02 2.000000000000000000e+00
5.533121817429999822e+01 1.108466981620000007e-02 6.518457446830000501e-02 3.000000000000000000e+00
5.801276856180000152e+01 3.292557334810000125e-01 4.474271667929999863e-01 1.000000000000000000e+00
1.106115826789999979e+01 6.863426379239999653e-01 3.816986376359999822e-01 2.000000000000000000e+00
1.438459473149999894e+02 7.406975684290000306e-01 2.415880628219999882e-01 2.000000000000000000e+00
2.673186311050000086e+01 3.423556682530000117e-01 2.918631773229999893e-01 3.000000000000000000e+00
1.014944737409999931e+01 3.589312434160000231e-01 6.161256516130000360e-01 1.000000000000000000e+00
4.381271896989999846e+02 4.202561464289999993e-01 1.103206127509999968e-01 5.000000000000000000e+00
1.177434137890000088e+01 2.070809420670000067e-01 2.647784700829999838e-01 2.000000000000000000e+00
4.758532579719999944e+01 2.951877012049999860e-01 1.259123190239999912e-01 3.000000000000000000e+00
1.269056297829999949e+02 1.446573388630000012e-01 1.185000389519999947e-01 5.000000000000000000e+00
3.868686861389999763e+02 4.946485379710000019e-01 1.892412375360000010e-01 2.000000000000000000e+00
1.493437202159999977e+01 6.622658000159999947e-01 5.966430444770000063e-01 4.000000000000000000e+00
9.903964325760000520e+00 9.416910604780000249e-02 2.277603816169999906e-01 2.000000000000000000e+00
7.084743878019999386e+01 1.902198701660000046e-01 7.556070656970000077e-02 4.000000000000000000e+00
5.624260509639999839e+01 4.574432150950000220e-01 2.557613310199999823e-01 5.000000000000000000e+00
1.290409823699999947e+01 2.800019972619999797e-01 2.045219347149999922e-01 3.000000000000000000e+00
1.560917739299999880e+02 4.182253009390000109e-01 7.526782424979999719e-02 1.000000000000000000e+00
1.011368482349999987e+01 5.144668320130000305e-01 3.388676049420000225e-01 2.000000000000000000e+00
6.902924626710000666e+01 2.987424492649999874e-01 2.720361517970000254e-01 3.000000000000000000e+00
3.406295771709999940e+02 3.840543146559999843e-01 1.801702473039999974e-01 2.000000000000000000e+00
1.190796384140000086e+01 4.812127425600000175e-01 1.024187383739999957e+00 3.000000000000000000e+00
5.381445727679999891e+01 4.659390258339999868e-01 2.221830163519999957e-01 5.000000000000000000e+00
1.048282593859999956e+01 1.003229410010000044e-01 2.572170214880000194e-01 1.000000000000000000e+00
5.603957769729999683e+01 2.017592636639999881e-01 1.811788634020000122e-01 2.000000000000000000e+00
2.159669461800000079e+02 3.721161103260000047e-01 2.865847137729999883e-01 4.000000000000000000e+00
2.927010577930000181e+02 4.531323454669999862e-01 1.561417858739999887e-01 4.000000000000000000e+00
8.929783890699999560e+00 4.681387160559999927e-01 6.114152057549999686e-01 5.000000000000000000e+00
3.494866399760000064e+01 4.672215392779999754e-01 3.664719826280000148e-01 3.000000000000000000e+00
3.844223327610000069e+02 5.724080963390000276e-01 7.218189902570000538e-02 4.000000000000000000e+00
1.124379597010000076e+01 4.228859235229999736e-01 5.650769377319999620e-01 1.000000000000000000e+00
2.247935909330000115e+01 1.833107234899999938e-01 4.758561119009999812e-02 2.000000000000000000e+00
1.695690995040000075e+02 3.396405315959999949e-01 2.690130687799999754e-01 4.000000000000000000e+00
9.143572132630000127e+00 2.264818507749999932e-01 9.366985520020000566e-02 1.000000000000000000e+00
5.632512721669999678e+01 1.229239694369999997e-01 9.493063576719999730e-02 2.000000000000000000e+00
2.538040789890000042e+02 4.774567254250000059e-01 3.301450852050000218e-02 3.000000000000000000e+00
1.358606620269999894e+02 4.695860274809999790e-01 2.979687371549999964e-01 2.000000000000000000e+00
3.070807529520000045e+01 2.237475678860000039e-01 3.055121158840000128e-01 4.000000000000000000e+00
1.011638744140000057e+01 3.501547224630000010e-01 1.711806770650000087e-01 1.000000000000000000e+00
7.402566468220000218e+01 3.352909217560000321e-02 1.461065058340000056e-01 2.000000000000000000e+00
4.400455273020000391e+00 6.453568554730000351e-01 2.605690978590000095e-01 1.000000000000000000e+00
2.774564805769999865e+01 2.420479175609999978e-01 1.174181574700000064e-01 3.000000000000000000e+00
2.099140539830000023e+02 1.602520299369999957e-01 8.717580617990000613e-02 5.000000000000000000e+00
1.986649073160000114e+02 3.447156904500000008e-01 2.092093820510000091e-01 2.000000000000000000e+00
6.217340095090000318e+01 1.657371257799999942e-01 2.591511366570000141e-01 4.000000000000000000e+00
1.018852721180000032e+01 5.850394828230000011e-01 1.998499507489999993e-01 5.000000000000000000e+00
7.026446486279999704e+01 2.772146411620000084e-01 1.989993112469999881e-01 3.000000000000000000e+00
5.820582115479999885e+01 4.911484338700000118e-01 1.813697306519999886e-01 3.000000000000000000e+00
9.028712343840000543e+00 5.403302060550000396e-01 3.395976235700000068e-01 1.000000000000000000e+00
4.890602242770000174e+01 4.551714107870000192e-01 1.554961977540000040e-01 4.000000000000000000e+00
9.795071473200000156e+00 9.337931234769999977e-02 2.125079855339999935e-01 1.000000000000000000e+00
3.711853225550000275e+02 5.790699565119999948e-01 2.640841798870000035e-01 2.000000000000000000e+00
2.130435799429999832e+01 3.232296236380000076e-01 2.286250182490000005e-01 3.000000000000000000e+00
1.316451732960000065e+01 8.518951530469999478e-02 8.675250878239999797e-02 1.000000000000000000e+00
3.167003194109999953e+01 3.950100318270000077e-02 9.595172167679999475e-02 2.000000000000000000e+00
6.118215804390000301e+01 3.253587758589999990e-02 2.002221361970000016e-02 3.000000000000000000e+00
1.121939714290000012e+02 6.095878936330000053e-02 1.463189890649999915e-02 5.000000000000000000e+00
1.090274171909999978e+01 3.020293164430000177e-01 9.535603262670000468e-03 1.000000000000000000e+00
3.477375859629999866e+01 8.957567274029999693e-02 5.119636696689999766e-02 2.000000000000000000e+00
1.500856194110000104e+02 1.209139596639999953e-01 2.457268238029999829e-02 3.000000000000000000e+00
7.046853035780000596e+01 4.131998847559999882e-02 3.721880489470000275e-02 4.000000000000000000e+00
6.064897528150000028e+01 3.868573882560000232e-02 6.956303054479999470e-02 5.000000000000000000e+00
1.410826960770000049e+01 6.364121067189999481e-01 3.661857750549999957e-01 4.000000000000000000e+00
7.464710550300000591e+01 3.333638498179999909e-01 1.072151951649999990e-01 5.000000000000000000e+00
8.772028431489999889e+00 6.037049235300000483e-01 7.181374868530000510e-01 1.000000000000000000e+00
1.011807163240000023e+02 1.579901746000000051e-01 1.339081014169999917e-01 3.000000000000000000e+00
1.660945002129999892e+01 1.665508298970000134e-01 9.406258599290000244e-02 2.000000000000000000e+00
1.853671836750000068e+02 3.168522306189999749e-01 6.625118121940000437e-02 4.000000000000000000e+00
1.976594713389999924e+01 4.073572981690000150e-01 4.268927298169999940e-01 2.000000000000000000e+00
1.323033707499999991e+02 6.822569896220000152e-02 1.336556063269999928e-01 3.000000000000000000e+00
1.034379693900000063e+01 2.101765995190000014e-01 7.858727053639999460e-02 1.000000000000000000e+00
6.624627713629999448e+01 5.202006385630000146e-02 7.038435253439999373e-02 2.000000000000000000e+00
2.900642277160000049e+01 9.716573537700000027e-03 5.981445678439999830e-02 4.000000000000000000e+00
1.311787779340000100e+02 6.426646110139999646e-02 2.286278011830000095e-02 5.000000000000000000e+00
5.734409972539999956e+00 1.396409748319999977e-01 5.729123854119999582e-01 1.000000000000000000e+00
9.995450380360000509e+01 1.601030828030000075e-01 1.131705809410000069e-01 3.000000000000000000e+00
2.980934870129999936e+01 2.009546777610000112e-01 1.398668429630000043e-01 5.000000000000000000e+00
8.723303141440000275e+01 4.829722919839999906e-01 2.913656165230000261e-01 4.000000000000000000e+00
1.627977535809999949e+02 4.704912140509999730e-01 2.221288576350000099e-01 1.000000000000000000e+00
2.997596561670000170e+01 1.643866861690000125e-01 5.765779260159999836e-02 3.000000000000000000e+00
1.060930482030000022e+01 5.785623875149999984e-01 4.441621495570000078e-01 1.000000000000000000e+00
1.092766186140000002e+02 2.402519767409999896e-01 2.822314890550000066e-01 4.000000000000000000e+00
2.108097560650000091e+01 6.500624262980000401e-01 5.776571741370000179e-01 5.000000000000000000e+00
2.878650465329999975e+02 3.164631771070000044e-01 2.196401249359999919e-01 3.000000000000000000e+00
1.141759960399999940e+01 3.923901166409999863e-01 1.667557897670000067e-01 3.000000000000000000e+00
8.150671590020000679e+01 2.543212493029999854e-01 5.606299929970000040e-01 5.000000000000000000e+00
8.417583841380000820e+00 5.827987811979999933e-01 4.953178820169999996e-01 1.000000000000000000e+00
1.572183760519999964e+02 5.503588140399999773e-01 1.827067987190000020e-01 5.000000000000000000e+00
1.089563730679999942e+01 2.206736787180000117e-02 4.254920316560000249e-01 1.000000000000000000e+00
3.066385193809999876e+01 3.774903330160000320e-02 4.805975739349999803e-02 2.000000000000000000e+00
6.981444337879999296e+01 1.522022036050000027e-01 4.049326686399999931e-01 3.000000000000000000e+00
1.482488836359999880e+02 2.672765905250000240e-01 6.399446882699999506e-02 4.000000000000000000e+00
3.713849648490000277e+01 1.486129161760000039e-01 2.715509122290000188e-01 1.000000000000000000e+00
2.023775072550000118e+02 1.642777838160000003e-01 1.813013366229999923e-01 2.000000000000000000e+00
1.727762071989999981e+01 7.161543372209999703e-02 2.999086915820000088e-01 3.000000000000000000e+00
9.765192056749999949e+01 6.378124364380000078e-02 2.372142225439999863e-01 2.000000000000000000e+00
7.774854519499999839e+00 3.687866013700000223e-01 5.788210291359999760e-01 3.000000000000000000e+00
2.083809663330000035e+02 1.839870758730000055e-01 1.720662138919999973e-01 4.000000000000000000e+00
7.060262419149999857e+00 2.056181586789999904e-01 3.554635254499999841e-01 1.000000000000000000e+00
8.950868436490000590e+01 4.500005743659999946e-01 2.642501396170000016e-01 4.000000000000000000e+00
8.888496120970000192e+00 1.983333767780000034e-01 2.658795500159999992e-01 1.000000000000000000e+00
7.476742060409999624e+01 1.973320741980000015e-01 1.894678824509999915e-01 5.000000000000000000e+00
1.272322314710000057e+02 5.958495874929999880e-01 4.163616496190000044e-02 3.000000000000000000e+00
