7.784856324449999754e+00 1.705967785009999960e-01 6.308650887690000486e-01 1.000000000000000000e+00
2.183451389649999896e+01 1.043579510629999985e-01 3.744469530990000017e-01 2.000000000000000000e+00
1.732771875210000090e+01 1.333985700699999999e-01 6.586248146259999769e-01 3.000000000000000000e+00
5.411944660009999630e+00 7.604566273099999663e-01 4.471668994710000233e-01 1.000000000000000000e+00
1.683332294159999876e+01 3.906089823289999874e-01 1.202254968189999940e-01 5.000000000000000000e+00
6.271754907920000122e+00 7.718757462790000190e-01 8.455608587780000240e-01 1.000000000000000000e+00
3.604035535839999937e+01 7.613256679930000548e-01 1.771258346819999940e-01 1.000000000000000000e+00
6.206133948919999810e+00 4.613768377440000124e-01 1.560773722859999935e-01 2.000000000000000000e+00
1.319704188609999918e+01 4.245808388169999836e-03 4.150251361509999654e-03 1.000000000000000000e+00
3.233867772189999812e+01 2.875088722630000145e-04 5.309808472249999585e-03 2.000000000000000000e+00
5.957578347500000149e+00 4.867523679529999758e-01 1.783828878740000012e-01 1.000000000000000000e+00
6.456030076520000272e+00 6.450746740680000091e-01 3.036646204369999880e-01 1.000000000000000000e+00
3.066206158709999841e+01 8.353550811019999633e-01 9.965886386420000354e-02 2.000000000000000000e+00
6.263362975769999785e+00 1.265454589109999972e-01 1.532381844340000021e-01 1.000000000000000000e+00
5.756866900810000409e+00 5.343728560139999750e-01 5.343325334499999801e-01 2.000000000000000000e+00
2.768007106749999835e+01 2.534193208619999749e-01 5.212704453950000039e-01 1.000000000000000000e+00
9.009631729989999727e+00 5.280097379020000092e-01 4.393982259529999879e-01 2.000000000000000000e+00
6.779842467920000004e+00 5.214421862529999840e-01 1.071283970060000090e+00 2.000000000000000000e+00
3.759321892549999689e+01 4.058508360459999742e-01 1.570073877389999983e-01 4.000000000000000000e+00
8.263317272289999238e+00 1.772316377450000036e-01 4.934274770609999861e-01 5.000000000000000000e+00
2.056945134020000054e+01 6.331182117689999611e-01 1.982178401540000134e-01 5.000000000000000000e+00
4.079390980210000350e+01 2.668804676229999950e-01 1.642726894450000086e-01 5.000000000000000000e+00
8.546727150800000672e+00 2.993204068390000194e-01 3.750988618789999895e-01 1.000000000000000000e+00
4.351744294209999708e+01 3.832407333530000182e-01 2.906215069409999741e-01 3.000000000000000000e+00
6.035128473340000355e+00 3.925685445900000126e-01 8.039841737320000403e-01 1.000000000000000000e+00
6.567211913380000432e+00 5.749588467420000404e-01 8.541573602659999764e-01 3.000000000000000000e+00
1.252460252939999918e+01 2.845766953180000058e-01 3.395542520350000038e-01 1.000000000000000000e+00
1.389668678880000030e+01 5.994702957009999666e-01 3.572766058499999842e-01 2.000000000000000000e+00
5.453383582909999916e+00 4.469882241820000157e-01 5.316394537220000549e-01 2.000000000000000000e+00
4.984710705650000051e+01 7.572495668440000216e-01 2.699671363419999803e-01 1.000000000000000000e+00
3.266677150329999790e+01 4.558811201169999938e-01 5.211587871730000154e-01 2.000000000000000000e+00
6.869473816650000231e+00 1.873245419710000137e-01 2.659368390190000042e-01 3.000000000000000000e+00
5.958822918440000116e+00 4.882176063470000105e-01 5.922437202170000026e-01 3.000000000000000000e+00
4.645037400119999660e+01 1.833363344460000044e-01 3.911520948810000009e-01 4.000000000000000000e+00
2.908311623410000024e+01 5.719919249880000001e-01 2.272801711949999914e-01 5.000000000000000000e+00
2.517306648079999931e+01 3.865916907890000198e-01 5.988318493299999989e-01 2.000000000000000000e+00
3.445437525039999827e+01 2.664682750190000005e-01 5.169710360620000111e-01 3.000000000000000000e+00
2.703701771500000106e+01 4.382943249830000276e-01 1.289923825720000083e+00 2.000000000000000000e+00
1.986052552800000015e+01 3.294167934550000232e-01 2.656428551560000018e-01 1.000000000000000000e+00
5.898451090110000017e+00 8.660817370009999960e-01 1.101150454970000053e-01 1.000000000000000000e+00
2.762480904430000095e+01 3.470556514879999943e-01 1.886295872919999950e-01 1.000000000000000000e+00
4.301532454880000245e+01 3.821722259009999734e-01 4.322506728909999985e-01 4.000000000000000000e+00
2.278622921259999856e+01 4.208971321950000233e-01 5.810834247759999460e-01 1.000000000000000000e+00
2.278716086169999855e+01 2.496691093439999953e-01 2.771123660170000114e-01 1.000000000000000000e+00
5.937466484169999781e+00 1.311654894729999965e-01 4.131458752530000056e-01 1.000000000000000000e+00
4.153456174379999766e+01 4.950166358620000095e-01 5.890094943839999653e-01 2.000000000000000000e+00
6.024436637440000020e+00 8.843088425499999738e-01 3.528669516080000235e-01 5.000000000000000000e+00
5.921296871340000045e+00 5.285768595780000467e-01 1.036773251020000064e+00 1.000000000000000000e+00
6.591382905049999685e+00 4.905812431159999876e-01 3.321177444919999888e-01 1.000000000000000000e+00
6.914320957520000199e+00 1.338786733879999968e-01 3.283210260750000220e-01 4.000000000000000000e+00
6.714009509500000306e+00 5.774185020090000231e-01 3.714059624130000015e-01 2.000000000000000000e+00
6.240943029330000336e+00 2.770626850440000011e-01 1.413403333580000032e-01 1.000000000000000000e+00
5.698786516190000206e+00 6.930670318080000003e-01 1.231686796239999993e+00 4.000000000000000000e+00
3.949629827310000252e+01 9.109723525780000219e-01 4.477638675789999967e-01 4.000000000000000000e+00
6.070243713900000060e+00 3.623477995969999754e-01 1.428074226740000119e-01 1.000000000000000000e+00
5.761200145240000126e+00 6.153313587419999564e-01 2.521572346429999945e-01 4.000000000000000000e+00
5.703590262309999659e+00 8.301290185730000326e-01 6.724749739449999986e-01 1.000000000000000000e+00
6.366981816070000022e+00 2.245716745680000070e-01 3.199577570039999763e-01 1.000000000000000000e+00
4.194803202210000137e+01 4.568528430039999755e-01 1.807425785569999888e-01 3.000000000000000000e+00
2.342922789560000041e+01 7.168789658999999981e-01 5.698959553529999722e-01 1.000000000000000000e+00
4.265163921130000091e+01 4.258745469710000231e-01 2.339928513910000119e-01 2.000000000000000000e+00
7.842855889359999999e+00 6.989702007220000013e-01 9.104915216019999757e-01 5.000000000000000000e+00
3.532202873450000169e+01 1.788279638630000112e-01 4.468017931130000009e-01 3.000000000000000000e+00
6.210058458089999789e+00 4.436568413679999878e-01 5.815128826309999832e-01 2.000000000000000000e+00
4.159246403990000118e+01 5.233342341529999553e-01 3.781870350370000189e-01 4.000000000000000000e+00
5.761220398899999928e+00 4.516114975900000217e-01 7.524728533550000265e-01 1.000000000000000000e+00
7.299098159349999726e+00 3.376888593819999951e-01 8.931806361020000473e-01 1.000000000000000000e+00
7.234296062060000310e+00 4.945327353789999991e-01 9.461593826940000174e-01 1.000000000000000000e+00
4.788853082909999870e+01 7.945987512240000605e-02 2.800261260099999872e-01 2.000000000000000000e+00
5.607506037640000329e+00 3.720127108640000069e-01 8.834522439069999455e-01 4.000000000000000000e+00
2.043925123949999900e+01 1.623514858450000042e-01 4.918702255240000043e-01 3.000000000000000000e+00
3.181730301869999877e+01 5.807510278080000310e-01 1.102831534709999950e+00 4.000000000000000000e+00
2.022215607189999886e+01 6.332895788269999882e-01 3.718022445849999968e-01 2.000000000000000000e+00
6.817523083250000226e+00 5.396098925229999566e-01 8.407110420810000040e-01 1.000000000000000000e+00
3.323953622039999800e+01 5.985776920319999528e-01 7.844976572950000671e-02 4.000000000000000000e+00
6.518176692439999975e+00 7.206045175099999867e-01 2.626828359460000040e-01 5.000000000000000000e+00
5.491057962020000183e+00 3.206173125160000081e-01 9.582754133059999679e-01 2.000000000000000000e+00
1.318256468849999941e+01 3.868877662459999783e-03 1.261709542009999997e-02 1.000000000000000000e+00
3.210383764689999708e+01 1.457231515150000066e-02 2.761530484119999879e-02 2.000000000000000000e+00
6.249543420300000207e+00 4.754666347859999864e-01 3.573377743830000175e-01 2.000000000000000000e+00
4.030480202799999745e+01 5.874463604740000067e-01 6.231395641860000278e-01 3.000000000000000000e+00
3.781959056010000353e+01 2.082924431719999914e-01 4.719885674839999767e-01 5.000000000000000000e+00
2.006819396179999870e+01 7.584548929179999455e-01 3.188998624659999948e-01 2.000000000000000000e+00
2.555051871519999906e+01 5.487975405080000035e-01 6.494291152990000482e-01 2.000000000000000000e+00
1.300811546359999937e+01 4.808667118900000204e-01 1.900048903269999923e-01 2.000000000000000000e+00
2.427220134979999955e+01 4.767972469859999701e-02 4.381665758039999803e-01 5.000000000000000000e+00
5.671641885199999678e+00 9.428579792100000301e-01 7.515812897639999601e-01 1.000000000000000000e+00
2.643308165230000029e+01 2.052303493229999942e-01 4.393530318830000114e-01 1.000000000000000000e+00
1.318526353330000056e+01 4.004428026070000306e-03 1.633015408289999887e-02 1.000000000000000000e+00
3.211287872900000195e+01 7.847620036930000320e-03 2.790396249420000127e-02 2.000000000000000000e+00
