1.586299846826325910e-01
6.088019757376214036e-01
4.840031911809076770e-01
4.867523679537312242e-01
5.814069840291904434e-01
1.310037765525330911e-01
4.847601177634918712e-01
4.323432801366663414e-01
5.401868192890121323e-01
2.753212653149368361e-01
4.645319941239991479e-01
4.897347939112342563e-01
4.257753047365589461e-01
4.351969185050762468e-01
4.882176063479400918e-01
2.250620542027863824e-01
5.617650150353243887e-01
5.332094810870552370e-01
1.151866670526333347e-01
4.317708721680401096e-01
5.794746419435342633e-01
2.724376210504808049e-01
5.251725206471236085e-01
3.503849091582709185e-01
5.663005569227983482e-01
4.758667366212231964e-01
1.886713390226242293e-01
6.451916013895757640e-01
3.255749009164651819e-01
5.694502632274953680e-01
3.863043725704350950e-01
4.324588374042788730e-01
4.667843461066821797e-01
4.220437149279701039e-01
7.134677188574977125e-01
4.890178241003955706e-01
5.323955017233938936e-01
