1.586299846826325910e-01
1.192691075924399297e-01
3.360383894924739434e-01
3.906089823289987106e-01
6.088019757376214036e-01
7.613256679930001658e-01
4.840031911809076770e-01
4.867523679537312242e-01
5.814069840291904434e-01
7.773596746719124706e-01
1.310037765525330911e-01
4.847601177634918712e-01
2.449304310046039879e-01
4.323432801366663414e-01
5.401868192890121323e-01
3.739240022866181512e-01
2.753212653149368361e-01
5.627128426783855053e-01
2.668804676234217133e-01
4.645319941239991479e-01
3.445149512837961114e-01
4.897347939112342563e-01
4.257753047365589461e-01
2.942262734257282131e-01
5.758546666699226879e-01
6.796416748486342474e-01
3.252837699782386016e-01
4.351969185050762468e-01
4.882176063479400918e-01
3.237348862877178490e-01
5.082009608813036206e-01
5.558495549228972266e-01
3.663931732362489258e-01
6.254575636031851626e-01
3.294167934550652488e-01
2.474042367719362923e-01
3.053292831228931470e-01
3.403844259134946593e-01
3.934146344714051780e-01
2.250620542027863824e-01
4.754820868813545709e-01
5.617650150353243887e-01
5.332094810870552370e-01
1.151866670526333347e-01
2.129324319385352826e-01
4.038732353130076724e-01
3.812716224990250202e-01
1.278768391720658815e-01
2.724376210504808049e-01
5.251725206471236085e-01
7.741211730031188898e-01
3.503849091582709185e-01
5.663005569227983482e-01
4.758667366212231964e-01
1.886713390226242293e-01
4.595573540127091960e-01
7.188584945823200956e-01
3.934344278393356320e-01
6.451916013895757640e-01
2.090921407609266092e-01
3.255749009164651819e-01
5.694502632274953680e-01
5.233342341530000663e-01
3.863043725704350950e-01
4.324588374042788730e-01
4.667843461066821797e-01
2.143938081444520249e-01
1.111279521344982618e-01
5.462276021061863718e-01
5.340082089218980421e-01
4.220437149279701039e-01
4.636623460547756870e-01
7.134677188574977125e-01
4.890178241003955706e-01
4.549121901124512403e-03
7.341482370300880973e-03
5.323955017233938936e-01
7.430348893788409903e-01
2.082924431719999914e-01
6.967157453170828019e-01
6.510832370053208917e-01
4.492565506564665800e-01
4.767972469870666863e-02
2.052303493230000775e-01
3.411072252961872605e-03
5.174712605997366585e-03
