1.705967785009999960e-01
4.475668263009999898e-02
5.920512530159999925e-02
7.226031726039999770e-02
6.270219148500000284e-02
8.614594177270000486e-02
2.936114332620000100e-01
1.136417235829999955e-01
2.005251504570000065e-01
1.690280937339999900e-01
1.995163676860000068e-01
7.581721168089999852e-02
2.542185462229999970e-01
1.007262171910000004e-01
5.402971417820000288e-02
9.467102137459999789e-02
1.773382827789999894e-01
1.892840477690000134e-01
1.048695672790000005e-01
1.455422278559999893e-01
1.599007643689999980e-01
8.546100932740000045e-02
2.088543388250000132e-01
8.872127662890000321e-02
2.396455735780000096e-01
1.350431396160000075e-01
2.185271731089999947e-01
2.939532020410000057e-01
1.008082202000000066e-01
3.084237768070000052e-01
2.702081616129999864e-01
6.415659308939999916e-02
1.020470650740000068e-01
1.340834306189999936e-01
2.326960458279999922e-01
1.206451688939999961e-01
1.824102581740000006e-01
6.548077911539999796e-02
2.269560250090000009e-01
1.557329184609999861e-01
1.247899889249999977e-01
2.639168857049999928e-01
2.433702576779999960e-01
2.379252068930000075e-01
2.761808671980000018e-01
1.332996461369999885e-01
2.230984255250000048e-01
1.855886061079999871e-01
6.672337213539999978e-02
4.617421232459999886e-02
2.655520679339999912e-01
2.658766719489999986e-01
1.207003494509999997e-01
6.314866496990000078e-02
1.517159908819999958e-01
3.640752910190000330e-02
1.471679103899999896e-01
1.501544792249999982e-01
2.210737534299999918e-01
2.717079946600000073e-01
1.022943652000000009e-01
7.191624837450000252e-02
7.980332114060000037e-02
1.604538258880000012e-01
9.502812416070000046e-02
2.430810431719999942e-01
1.283571966469999881e-01
2.764917063630000227e-01
2.402332097159999916e-02
1.641729888289999995e-01
3.304393096139999764e-01
1.073324145750000069e-01
9.605122885580000269e-02
1.747199956559999934e-01
9.806205310359999983e-02
2.559530022279999928e-01
9.708423097210000519e-02
2.600075358110000012e-01
5.495301923510000075e-02
2.184283795009999973e-01
6.598527178570000318e-02
2.121361285099999938e-01
1.696665352089999912e-01
2.461871043589999863e-01
6.043273702469999925e-02
1.888777045900000007e-01
6.058606549889999915e-02
3.149732268810000180e-02
2.101234368609999903e-01
2.169118460729999864e-01
2.142814248759999929e-01
2.503699794270000112e-01
2.059128857339999896e-01
2.222142327149999874e-01
5.833340300209999968e-02
1.228400280599999950e-01
2.096936317460000032e-01
1.736254060899999896e-01
1.325097089739999956e-01
2.197970696369999921e-01
7.604566273099999663e-01
7.718757462790000190e-01
7.809872120940000162e-01
6.699185774460000298e-01
4.679170462660000029e-01
4.821278253469999941e-01
6.925687052079999573e-01
7.735518628090000126e-01
5.818458331900000502e-01
4.369772298469999927e-01
5.553669459840000489e-01
7.617129996070000075e-01
7.131375432930000535e-01
4.975752038560000146e-01
4.566985441140000157e-01
6.479092375480000054e-01
7.843105030100000485e-01
6.341782849749999507e-01
4.497196741719999835e-01
5.086223066830000139e-01
7.266992616670000515e-01
7.506164081320000347e-01
5.378486701629999756e-01
4.404796758360000064e-01
5.997329168060000493e-01
7.789673776659999938e-01
6.815738381000000512e-01
4.747194509609999891e-01
4.741114140350000117e-01
6.822496956179999739e-01
7.757326636429999756e-01
5.883072934309999669e-01
4.376455421489999775e-01
5.493127291020000191e-01
7.578038493909999840e-01
7.224651920069999900e-01
5.072848692420000027e-01
4.518132382210000020e-01
6.355478252220000401e-01
7.838195886819999680e-01
6.424937347660000242e-01
4.519195711239999969e-01
5.026568933360000546e-01
7.211291770540000368e-01
7.559225643750000501e-01
5.471496564690000453e-01
4.397808890359999889e-01
5.890050420500000383e-01
7.754845783010000382e-01
6.918479528269999568e-01
4.806270710589999884e-01
4.676006408589999941e-01
6.736051820380000166e-01
7.776200442899999787e-01
5.955565688120000312e-01
4.393483830509999910e-01
5.422543724480000105e-01
7.525070382509999600e-01
7.319457640080000438e-01
5.172764776980000034e-01
4.471459724130000257e-01
6.236928432170000258e-01
7.825871918340000510e-01
6.493243854739999543e-01
4.544463156940000137e-01
4.978774327989999859e-01
7.153585090930000279e-01
7.619254636109999979e-01
5.584533981660000368e-01
4.391304950639999816e-01
5.768829610500000316e-01
7.707892482589999705e-01
7.000212907939999951e-01
4.853761899690000048e-01
4.629242345610000142e-01
6.665778976830000202e-01
7.797167186129999594e-01
6.048707844030000169e-01
4.420478256320000132e-01
5.333516219620000332e-01
7.454363412229999541e-01
7.403196530240000461e-01
5.261846192239999498e-01
4.433126856360000145e-01
6.137119604770000514e-01
7.812483191529999704e-01
4.613768377440000124e-01
4.990755640990000019e-01
4.962734471590000140e-01
4.934840959149999762e-01
4.908132678789999814e-01
4.883657422780000035e-01
4.862277265400000159e-01
4.844695052849999906e-01
4.831657660349999994e-01
4.823670232839999961e-01
4.820991733350000197e-01
4.823671089389999778e-01
4.831723760519999744e-01
4.844686519329999830e-01
4.862225763119999988e-01
4.883562582359999849e-01
4.907920367790000182e-01
4.934473773390000151e-01
4.962148226679999885e-01
4.989922541210000118e-01
5.016778804260000335e-01
5.041775274530000406e-01
5.063944440259999791e-01
5.082445467030000108e-01
5.096622744380000514e-01
5.105834056779999797e-01
5.109825659350000215e-01
5.108253308279999683e-01
5.101143368349999596e-01
5.088730258000000450e-01
5.071238297410000095e-01
5.049272956820000102e-01
5.023408390729999784e-01
4.994566619399999907e-01
4.963564945580000165e-01
4.931474543000000099e-01
4.899196152640000190e-01
4.867840803640000047e-01
4.838506971839999782e-01
4.811984364419999993e-01
4.789183908840000115e-01
4.770896895489999956e-01
4.757528758880000264e-01
4.749528700990000019e-01
4.746964931329999970e-01
4.749890411850000160e-01
4.757956935400000087e-01
4.770802964529999857e-01
4.787633049480000125e-01
4.807772111590000175e-01
4.830338299429999815e-01
4.854221428380000036e-01
4.878415066819999923e-01
4.901983891949999728e-01
4.923741247010000044e-01
4.942786010870000024e-01
4.958202179019999822e-01
4.969341237739999806e-01
4.975528704630000076e-01
4.976449873139999758e-01
4.971746704489999891e-01
4.961469270939999898e-01
4.945835335700000113e-01
4.925056373930000175e-01
4.899787314360000146e-01
4.870717783049999805e-01
4.838644352170000107e-01
4.804565592210000013e-01
4.769433697839999819e-01
4.734432455420000130e-01
4.700575685330000142e-01
4.668974801829999799e-01
4.640519948399999817e-01
4.616123552060000246e-01
4.596548413880000017e-01
4.582188688470000271e-01
4.573526181029999860e-01
4.570551596340000078e-01
4.573232296260000274e-01
4.581182552190000146e-01
4.593847460089999779e-01
4.610510925920000003e-01
4.630341138419999947e-01
4.652311148950000197e-01
4.675253577249999792e-01
4.698169540730000038e-01
4.719941625590000078e-01
4.739409011440000041e-01
4.755767138329999866e-01
4.768028015249999862e-01
4.775630227089999735e-01
4.777981149669999761e-01
4.774778426860000202e-01
4.765889458379999888e-01
4.751561785489999967e-01
4.731988110700000028e-01
4.707646642489999866e-01
4.679314686350000141e-01
4.647859516260000046e-01
4.614111926730000146e-01
4.867523679529999758e-01
4.867523679540000092e-01
4.867523679540000092e-01
4.867523679540000092e-01
4.867523679540000092e-01
4.867523679540000092e-01
4.867523679540000092e-01
4.867523679540000092e-01
4.867523679540000092e-01
4.867523679540000092e-01
4.867523679540000092e-01
4.867523679540000092e-01
4.867523679540000092e-01
4.867523679540000092e-01
4.867523679540000092e-01
4.867523679540000092e-01
4.867523679540000092e-01
4.867523679540000092e-01
4.867523679540000092e-01
4.867523679540000092e-01
4.867523679540000092e-01
4.867523679540000092e-01
4.867523679540000092e-01
4.867523679540000092e-01
4.867523679540000092e-01
4.867523679540000092e-01
4.867523679540000092e-01
4.867523679540000092e-01
4.867523679540000092e-01
4.867523679540000092e-01
4.867523679540000092e-01
4.867523679540000092e-01
4.867523679540000092e-01
4.867523679540000092e-01
4.867523679540000092e-01
4.867523679540000092e-01
4.867523679540000092e-01
4.867523679540000092e-01
4.867523679540000092e-01
4.867523679540000092e-01
4.867523679540000092e-01
4.867523679540000092e-01
4.867523679540000092e-01
4.867523679540000092e-01
4.867523679540000092e-01
4.867523679540000092e-01
4.867523679540000092e-01
4.867523679540000092e-01
4.867523679540000092e-01
4.867523679540000092e-01
4.867523679540000092e-01
4.867523679540000092e-01
4.867523679540000092e-01
4.867523679540000092e-01
4.867523679540000092e-01
4.867523679540000092e-01
4.867523679540000092e-01
4.867523679540000092e-01
4.867523679540000092e-01
4.867523679540000092e-01
4.867523679540000092e-01
4.867523679540000092e-01
4.867523679540000092e-01
4.867523679540000092e-01
4.867523679540000092e-01
4.867523679540000092e-01
4.867523679540000092e-01
4.867523679540000092e-01
4.867523679540000092e-01
4.867523679540000092e-01
4.867523679540000092e-01
4.867523679540000092e-01
4.867523679540000092e-01
4.867523679529999758e-01
4.867523679529999758e-01
4.867523679529999758e-01
4.867523679529999758e-01
4.867523679529999758e-01
4.867523679529999758e-01
4.867523679529999758e-01
4.867523679529999758e-01
4.867523679529999758e-01
4.867523679529999758e-01
4.867523679529999758e-01
4.867523679529999758e-01
4.867523679529999758e-01
4.867523679529999758e-01
4.867523679529999758e-01
4.867523679529999758e-01
4.867523679529999758e-01
4.867523679529999758e-01
4.867523679529999758e-01
4.867523679529999758e-01
4.867523679529999758e-01
4.867523679529999758e-01
4.867523679529999758e-01
4.867523679529999758e-01
4.867523679529999758e-01
4.867523679529999758e-01
4.867523679529999758e-01
6.450746740680000091e-01
5.144809487779999913e-01
5.161828406109999490e-01
5.280234021080000284e-01
5.478748178440000505e-01
5.722930841340000407e-01
5.971238591199999890e-01
6.181886051320000242e-01
6.318686965919999565e-01
6.357694623930000288e-01
6.291358277520000541e-01
6.130183464149999706e-01
5.900567616759999634e-01
5.640280826550000404e-01
5.391413613140000338e-01
5.195411333310000490e-01
5.085329332439999517e-01
5.080173394150000465e-01
5.180514101040000208e-01
5.368412825709999447e-01
5.610854422059999846e-01
5.866974220870000423e-01
6.093492866149999854e-01
6.252101688519999811e-01
6.315587357249999867e-01
6.272890866260000253e-01
6.131386515300000228e-01
5.915167271379999647e-01
5.660657451080000069e-01
5.410501794609999804e-01
5.206928212629999830e-01
5.085079463380000053e-01
5.066682366900000511e-01
5.155114588400000475e-01
5.334994505810000121e-01
5.575440428040000507e-01
5.836269782459999611e-01
6.074515735040000308e-01
6.251097237370000226e-01
6.336393830200000021e-01
6.316845721760000476e-01
6.196255267710000236e-01
5.995889846930000378e-01
5.750149906689999701e-01
5.500728102609999670e-01
5.289803297890000033e-01
5.153960113829999523e-01
5.117288469730000289e-01
5.186959037599999656e-01
5.351476748919999915e-01
5.583505138580000526e-01
5.845146335299999940e-01
6.094982010039999842e-01
6.293019912280000128e-01
6.407850493429999572e-01
6.421493995560000334e-01
6.332884256590000094e-01
6.158154634889999590e-01
5.927226428290000015e-01
5.679119410959999614e-01
5.455330824520000510e-01
5.293775731099999993e-01
5.222559646729999505e-01
5.254806825719999797e-01
5.385732715550000105e-01
5.594584098370000147e-01
5.848297022830000191e-01
6.107667638310000369e-01
6.332993444740000477e-01
6.489848393999999576e-01
6.554189447710000449e-01
6.517407951339999617e-01
6.386522526829999657e-01
6.184232385540000543e-01
5.944143408840000253e-01
5.705496113219999943e-01
5.507195643929999607e-01
5.382281557079999779e-01
5.351976665030000468e-01
5.422380778040000182e-01
5.582912188419999477e-01
5.808866690820000400e-01
6.066037468889999840e-01
6.316156751329999874e-01
6.522230710959999733e-01
6.653878394929999551e-01
6.691861362180000494e-01
6.631540328230000059e-01
6.483714230949999546e-01
6.272563868129999998e-01
6.031978095900000225e-01
5.799601606780000473e-01
5.612221407320000521e-01
5.499888956280000185e-01
5.481204779660000526e-01
5.559804905309999601e-01
5.724340340619999967e-01
5.949952586979999625e-01
6.203615420520000034e-01
6.448498623020000320e-01
1.265454589109999972e-01
1.279142043000000006e-01
1.270786757859999894e-01
1.258371702849999940e-01
1.242429714230000037e-01
1.223733875409999949e-01
1.203141515070000056e-01
1.181644017840000060e-01
1.160401955139999941e-01
1.140551116310000029e-01
1.123248980519999940e-01
1.109627749980000022e-01
1.100596294979999945e-01
1.096841732139999942e-01
1.098799657940000007e-01
1.106489841470000013e-01
1.119610864699999986e-01
1.137584105860000028e-01
1.159513360320000019e-01
1.184351257079999942e-01
1.210991086109999976e-01
1.238236978020000045e-01
1.264959238020000043e-01
1.290149179550000025e-01
1.312833686550000101e-01
1.332227764399999959e-01
1.347734282580000109e-01
1.358838735060000080e-01
1.365248695690000069e-01
1.366891670790000013e-01
1.363774743800000022e-01
1.356144341140000098e-01
1.344463350100000010e-01
1.329265567729999986e-01
1.311299578050000025e-01
1.291507728680000022e-01
1.270853953939999892e-01
1.250441557220000055e-01
1.231469374690000035e-01
1.215026355650000028e-01
1.202168695579999974e-01
1.193843630270000067e-01
1.190679024190000046e-01
1.193053828550000028e-01
1.201068339159999943e-01
1.214404321630000033e-01
1.232486466889999993e-01
1.254531929980000071e-01
1.279499787089999896e-01
1.306280846610000101e-01
1.333780058629999987e-01
1.360837346459999875e-01
1.386400377460000055e-01
1.409571457259999883e-01
1.429494794939999980e-01
1.445491291479999996e-01
1.457108317049999879e-01
1.463963323109999937e-01
1.465874491609999997e-01
1.462909115400000126e-01
1.455206637579999907e-01
1.443114098909999976e-01
1.427211691789999903e-01
1.408144943119999937e-01
1.386735099430000118e-01
1.363994818550000043e-01
1.340941053059999943e-01
1.318694927419999940e-01
1.298429291880000003e-01
1.281196301939999949e-01
1.267967378890000052e-01
1.259561342770000036e-01
1.256476394340000080e-01
1.258943940820000107e-01
1.266905423470000014e-01
1.279924766839999895e-01
1.297327185880000067e-01
1.318244271169999871e-01
1.341604567240000101e-01
1.366289787620000029e-01
1.391197197730000001e-01
1.415201332009999868e-01
1.437303714460000104e-01
1.456628430420000009e-01
1.472384352349999925e-01
1.483981486339999989e-01
1.490993134109999951e-01
1.493109639859999949e-01
1.490258720540000026e-01
1.482524803559999993e-01
1.470120707520000125e-01
1.453504103859999952e-01
1.433259941920000113e-01
1.410090114870000133e-01
1.384909744829999900e-01
1.358713503320000127e-01
1.332546262709999874e-01
1.307577435579999892e-01
1.284929329800000020e-01
1.265628475120000040e-01
5.343728560139999750e-01
4.969495824030000231e-01
5.806320226009999974e-01
4.775170165929999988e-01
5.636802858320000276e-01
4.524262982130000110e-01
5.348000002410000508e-01
4.230220782379999767e-01
4.991249250940000270e-01
3.982973645619999892e-01
4.615057745800000277e-01
3.944955210910000010e-01
4.295619824040000090e-01
4.193746716739999991e-01
4.156031870440000109e-01
4.612934040619999787e-01
4.254036595449999791e-01
5.040000677139999663e-01
4.504763601730000233e-01
5.381003629670000343e-01
4.793982821189999854e-01
5.585295765190000372e-01
5.063563626229999892e-01
5.624881313070000388e-01
5.285250712100000303e-01
5.507491424749999531e-01
5.418314501409999817e-01
5.277422069249999570e-01
5.410892596570000546e-01
4.989490807190000154e-01
5.234935339899999818e-01
4.691990768309999837e-01
4.899903147610000231e-01
4.447820917359999737e-01
4.458080301680000246e-01
4.349190388049999911e-01
4.029024513689999920e-01
4.449499008810000045e-01
3.806502604349999985e-01
4.694642782160000083e-01
3.902096105260000058e-01
5.000762031840000343e-01
4.199433300709999872e-01
5.324163282870000291e-01
4.510613694639999949e-01
5.623619825529999616e-01
4.741173722390000234e-01
5.841135282810000495e-01
4.887229764179999991e-01
5.919892738340000182e-01
4.970652763780000205e-01
5.836302775199999626e-01
4.985246147960000207e-01
5.616990985569999539e-01
4.889174137519999852e-01
5.323818287470000188e-01
4.647236984959999817e-01
5.027911699189999695e-01
4.274708561989999933e-01
4.794229726179999873e-01
3.885261222899999978e-01
4.659750511760000213e-01
3.693393512800000056e-01
4.623202073370000220e-01
3.847606037080000263e-01
4.691900698240000223e-01
4.237526562039999889e-01
4.880503571950000063e-01
4.641872914369999936e-01
5.159699776849999697e-01
4.924536188210000276e-01
5.463767217139999799e-01
5.048769676640000315e-01
5.723189883389999677e-01
5.039573386929999677e-01
5.871004151290000195e-01
4.944408128930000146e-01
5.862124497230000175e-01
4.790279348690000272e-01
5.697270407829999606e-01
4.568455106720000214e-01
5.419702175639999897e-01
4.276786543810000008e-01
5.085997194150000400e-01
3.982667531619999979e-01
4.742096161670000254e-01
3.852575531890000127e-01
4.438234138809999951e-01
4.023540878560000200e-01
4.269155366449999822e-01
4.425288568519999965e-01
4.315480648130000096e-01
4.873425267750000067e-01
4.535334152730000068e-01
5.241263669419999882e-01
4.825145428150000027e-01
5.467584758189999450e-01
5.112839298960000223e-01
5.526134039009999999e-01
5.358495877610000013e-01
5.280097379020000092e-01
5.627726445730000249e-01
3.880169291810000032e-01
5.689310473680000424e-01
4.686418295970000147e-01
4.616246709430000261e-01
5.246958173650000390e-01
4.930480891949999833e-01
5.600560282469999596e-01
2.958994456699999831e-01
5.679396042459999849e-01
4.079739992409999738e-01
5.010086380110000404e-01
4.081914743930000200e-01
3.649317825569999840e-01
5.575695901770000296e-01
4.056096440879999876e-01
5.674061641030000436e-01
3.833027032399999867e-01
5.532849819070000397e-01
3.387246956180000046e-01
3.710227528030000110e-01
5.501735156649999459e-01
4.039133433450000088e-01
4.880162577409999924e-01
3.682239932079999778e-01
4.557396841090000095e-01
4.467534016660000273e-01
3.774837578040000086e-01
5.304262619370000431e-01
5.179146873000000095e-01
4.211030700210000033e-01
4.394499287759999762e-01
4.107816028590000057e-01
2.927469494039999787e-01
4.122596216230000055e-01
3.750416063729999916e-01
4.289632647419999723e-01
3.920412241039999968e-01
3.644300439200000019e-01
4.089886945380000194e-01
4.781328706890000113e-01
4.402470176759999965e-01
2.977202129700000088e-01
5.341255047409999568e-01
3.362727460039999783e-01
3.298491095980000121e-01
5.591272455939999553e-01
4.438221443479999917e-01
5.398169085530000189e-01
3.113369873480000272e-01
4.985131531040000175e-01
3.206484260440000122e-01
3.969119200999999819e-01
4.472683277339999930e-01
3.393428652650000155e-01
3.832937316410000017e-01
4.678444641930000203e-01
3.947124505979999753e-01
2.906531393680000241e-01
4.082969526870000032e-01
4.298809795099999831e-01
3.245392131350000042e-01
3.958593915829999865e-01
3.227956630939999849e-01
3.968601983919999854e-01
4.728731012549999835e-01
3.813360670800000074e-01
5.010473433780000541e-01
4.986586205870000010e-01
3.767581430160000244e-01
4.290450255239999788e-01
4.125649730639999735e-01
3.028346797470000129e-01
3.916281605560000267e-01
4.721539918220000187e-01
5.246520504699999643e-01
3.598265166440000051e-01
3.982736358810000099e-01
4.333134991640000266e-01
4.613931244239999896e-01
4.016557600069999845e-01
2.954435944209999887e-01
4.633892013570000135e-01
4.183087487380000025e-01
3.619826336809999767e-01
4.116503690109999947e-01
2.906048684409999749e-01
4.480373107880000205e-01
4.195117957999999758e-01
5.268545649939999631e-01
3.592970538610000264e-01
3.473094812790000208e-01
5.558272255689999941e-01
2.940048932589999775e-01
5.695679794060000134e-01
4.841616570960000088e-01
5.280201066080000283e-01
3.309934650820000046e-01
3.358353652189999816e-01
5.214421862529999840e-01
8.633127636259999571e-01
8.410374281989999590e-01
8.158743663459999684e-01
7.883170722490000504e-01
7.588657005679999568e-01
7.280100051960000096e-01
6.962157720630000046e-01
6.639149565940000164e-01
6.314994160969999992e-01
5.993183967399999812e-01
5.676796052000000481e-01
5.368510464129999660e-01
5.070557073250000490e-01
4.784971070610000154e-01
4.513531760089999900e-01
4.257786615640000161e-01
4.019182764259999763e-01
3.799126703019999884e-01
3.599032426709999899e-01
3.420357301779999859e-01
3.264616038450000035e-01
3.133361612780000138e-01
3.028129481410000157e-01
2.950344649070000269e-01
2.901197887670000086e-01
2.881512317919999733e-01
2.891627298050000183e-01
2.931428369779999765e-01
3.000264251629999879e-01
3.097084598200000038e-01
3.220571939770000003e-01
3.369258771620000092e-01
3.541630323819999759e-01
3.736195083800000205e-01
3.951514906879999844e-01
4.186199596719999971e-01
4.438875032719999947e-01
4.708129870209999956e-01
4.992448312680000111e-01
5.290130279239999567e-01
5.599237002710000244e-01
5.917590342190000019e-01
6.242468812999999450e-01
6.570784464990000462e-01
6.899017242680000050e-01
7.223146548829999514e-01
7.538680352250000105e-01
7.840718095209999738e-01
8.124051276699999491e-01
8.383308410359999741e-01
8.613141362230000153e-01
8.808444892250000269e-01
8.964596719990000073e-01
9.077695764680000501e-01
9.144811959319999461e-01
9.164214440269999873e-01
9.135248431989999585e-01
9.058642634419999951e-01
8.936399724829999780e-01
8.771596451790000248e-01
8.568235518019999830e-01
8.331024581229999892e-01
8.065131301100000316e-01
7.775941747789999470e-01
7.468840802439999926e-01
7.149029039980000499e-01
6.821381503950000313e-01
6.490353136640000242e-01
6.159945756870000011e-01
5.833699901659999965e-01
5.514574871899999842e-01
5.205209699299999659e-01
4.907863281059999805e-01
4.624442307369999727e-01
4.356630126289999794e-01
4.105960128869999837e-01
3.873886188530000219e-01
3.661845855359999735e-01
3.471310424449999821e-01
3.303812458290000253e-01
3.160940435829999728e-01
3.044296443839999977e-01
2.955410571409999854e-01
2.895606350470000256e-01
2.865839662169999968e-01
2.866646459580000084e-01
2.897997394890000078e-01
2.959316676090000264e-01
3.049576912409999729e-01
3.167419282330000141e-01
3.311291898570000169e-01
3.479572124120000054e-01
3.670653147979999753e-01
3.882986584170000088e-01
4.115086356109999843e-01
4.365502054629999962e-01
4.632764970959999951e-01
4.915307118889999938e-01
5.211421076869999780e-01
1.772316377450000036e-01
3.814514716130000260e-01
4.210672963439999750e-01
3.995020152609999875e-01
3.228840470839999810e-01
2.805796847309999786e-01
1.766470888049999910e-01
3.955384972300000218e-02
9.590637409869999519e-02
2.259324583329999914e-01
2.922336344940000274e-01
3.551902622529999887e-01
4.240822089719999965e-01
3.926500987639999773e-01
3.956334555680000031e-01
3.774500773660000030e-01
2.756306019420000086e-01
1.916316316770000083e-01
8.059343324569999412e-02
5.600547439550000034e-02
1.750883334470000052e-01
2.995950148759999876e-01
3.553822684390000042e-01
3.729982611370000201e-01
4.325470201769999745e-01
3.960134327659999842e-01
3.564383200239999994e-01
3.309170490380000107e-01
2.204194247000000051e-01
9.745332505970000225e-02
3.426203129460000246e-02
1.588085138239999916e-01
2.436058206750000010e-01
3.444736449379999788e-01
4.019972608960000193e-01
3.841256701840000121e-01
4.210695971119999825e-01
3.878371047770000080e-01
3.080479240030000176e-01
2.570433017300000067e-01
1.451731334309999955e-01
1.089503101120000046e-02
1.277326932249999991e-01
2.529519279720000013e-01
3.089706623360000126e-01
3.685913151760000228e-01
4.284175387190000128e-01
3.892645955349999798e-01
3.913246412649999950e-01
3.619563521010000229e-01
2.546932346579999784e-01
1.631493399510000053e-01
4.654751834760000040e-02
8.799737069459999395e-02
2.014953334169999888e-01
3.212855954850000195e-01
3.660672742050000150e-01
3.808390906810000254e-01
4.340210846090000185e-01
3.873968351500000074e-01
3.463940962450000050e-01
3.107496325529999770e-01
1.935171982710000016e-01
6.700178090599999414e-02
6.781444411619999557e-02
1.888460374529999930e-01
2.647420891689999944e-01
3.612850849109999762e-01
4.080187707149999787e-01
3.858911858360000169e-01
4.192393293600000237e-01
3.747667833489999878e-01
2.916691158249999916e-01
2.314454657599999965e-01
1.128389039040000041e-01
2.540478094829999936e-02
1.582975432569999896e-01
2.782650657979999775e-01
3.238281595779999855e-01
3.807639146610000136e-01
4.309473407050000149e-01
3.850899639059999768e-01
3.851410559869999917e-01
3.444569253449999979e-01
2.321665402399999967e-01
1.332791862659999937e-01
1.827645176410000113e-02
1.190666263769999955e-01
2.267467226709999895e-01
3.409481381660000032e-01
3.747824846019999767e-01
3.875775601709999796e-01
4.334805977510000075e-01
3.776160724439999727e-01
3.345757929839999756e-01
2.882423270460000020e-01
1.652171999850000073e-01
3.615747737229999675e-02
1.017480484929999957e-01
2.169290941039999920e-01
2.993204068390000194e-01
3.588096717929999957e-01
5.108606208920000169e-01
4.438210269999999791e-01
3.779043722339999745e-01
5.132462408489999461e-01
3.540406116059999775e-01
5.020594383900000013e-01
4.444072599480000108e-01
3.823592706749999737e-01
5.134325383469999782e-01
3.540556170590000162e-01
4.888218353229999980e-01
4.500970819510000109e-01
3.894261459630000144e-01
5.088458940969999844e-01
3.582484130099999886e-01
4.901930203620000204e-01
4.424109988809999949e-01
3.826480154319999993e-01
5.145660625019999879e-01
3.600004477679999981e-01
4.880649173080000014e-01
4.370361149429999870e-01
3.807374938740000214e-01
5.154991726490000259e-01
3.661079639320000134e-01
4.967226817159999808e-01
4.289419854120000153e-01
3.700284666990000249e-01
5.191293930060000283e-01
3.621669673299999781e-01
4.986520985630000236e-01
4.239661977670000081e-01
3.645622923499999835e-01
5.220238893540000147e-01
3.582954816550000254e-01
5.003106944380000254e-01
4.298811793969999906e-01
3.608717936999999987e-01
5.213536542919999794e-01
3.503228661309999992e-01
4.972290437349999870e-01
4.354095553960000142e-01
3.580998907299999812e-01
5.268854727580000175e-01
3.418370236719999733e-01
4.867438059349999957e-01
4.553700025190000056e-01
3.646753434539999894e-01
5.242889501459999657e-01
3.364744341690000251e-01
4.807556143860000075e-01
4.671437745779999928e-01
3.693698049799999938e-01
5.291435892050000422e-01
3.282300329680000184e-01
4.665240868900000226e-01
4.844190481560000094e-01
3.810189724049999893e-01
5.266345073949999511e-01
3.279267622370000135e-01
4.649513211210000163e-01
4.913423515379999884e-01
3.884979798329999956e-01
5.297690564489999643e-01
3.258503998050000239e-01
4.598909617999999977e-01
4.943343903369999959e-01
3.948650352270000052e-01
5.310839738310000335e-01
3.303503119549999756e-01
4.661330242949999758e-01
4.938636112979999937e-01
3.961676368590000274e-01
5.325141249070000082e-01
3.387688209990000199e-01
4.731686384359999886e-01
4.865207815759999832e-01
3.898283115449999725e-01
5.376584695899999655e-01
3.410789898300000123e-01
4.812805214440000201e-01
4.884256450889999934e-01
3.848463548850000193e-01
5.366282850350000411e-01
3.492865287579999811e-01
4.912329913319999908e-01
4.876555610450000189e-01
3.758954983109999981e-01
5.458442125579999749e-01
3.419400528079999946e-01
4.905422777940000034e-01
5.022947094040000060e-01
3.728028297320000184e-01
5.465568675299999901e-01
3.407473125239999789e-01
4.950430910609999735e-01
5.136695923999999858e-01
3.736688837789999829e-01
3.925685445900000126e-01
4.429693887819999842e-01
5.767668719370000474e-01
4.437737170020000232e-01
3.474448832509999807e-01
4.426124415459999906e-01
5.682111256559999601e-01
4.581237514920000198e-01
4.477368074490000183e-01
6.130259142970000408e-01
4.248065885510000084e-01
6.220731352680000104e-01
4.404493483299999901e-01
5.129997013399999473e-01
5.545444318969999786e-01
3.774895375660000107e-01
3.855158741970000080e-01
5.195804687699999702e-01
5.398375691550000299e-01
3.966299362619999935e-01
5.095195612940000007e-01
5.693841973969999692e-01
4.439537661499999843e-01
6.238212687569999471e-01
4.157783935459999913e-01
5.757626393500000495e-01
4.920263063209999732e-01
3.621118754420000196e-01
4.652950550619999737e-01
5.531832670720000511e-01
4.666414018919999851e-01
3.778148924959999766e-01
5.686202502480000032e-01
5.058991501230000187e-01
4.922911339600000158e-01
5.903287680300000062e-01
4.305718366440000056e-01
6.058332715980000449e-01
4.249729083350000103e-01
4.070860817240000151e-01
5.366317235640000183e-01
5.187647384350000390e-01
3.898508437900000123e-01
4.129647991989999767e-01
5.966128470939999762e-01
4.453037717419999764e-01
5.522517659860000094e-01
5.343627143119999978e-01
4.783907784640000216e-01
5.917134763169999978e-01
3.884189451010000016e-01
4.845391530029999894e-01
5.540741219539999651e-01
4.399035435120000059e-01
3.539989065549999925e-01
4.824258372190000088e-01
5.774030476849999483e-01
4.103945889310000039e-01
6.022477171329999601e-01
4.757432668959999944e-01
5.409886882800000185e-01
5.421304593189999466e-01
4.013617507169999765e-01
5.527851301010000551e-01
5.070851762139999552e-01
3.676687542670000197e-01
3.829617530369999745e-01
5.473164845269999912e-01
5.178533542340000295e-01
4.163094860559999888e-01
6.232589730090000169e-01
4.346925839660000235e-01
5.965154634079999907e-01
4.799110040080000195e-01
4.563192061849999925e-01
5.761651801530000006e-01
4.290998560390000272e-01
3.493093548810000115e-01
4.576336277849999967e-01
5.680599565149999641e-01
4.440902441419999902e-01
4.608884008310000224e-01
6.059597868989999858e-01
4.262988114519999927e-01
6.257490732070000172e-01
4.308998527449999782e-01
5.274925805169999871e-01
5.436596414050000048e-01
5.749588467420000404e-01
6.332387174110000183e-01
7.181201366660000529e-01
5.054010018079999611e-01
2.296515752069999972e-01
1.573432731470000012e-01
2.363671860490000054e-01
4.693265334910000086e-01
7.261323125269999457e-01
6.651720688159999950e-01
4.782292246639999744e-01
1.956148884899999996e-01
1.576128551540000033e-01
3.138422240959999887e-01
4.213065568220000223e-01
7.719695268459999538e-01
7.444159009080000278e-01
3.040317958420000188e-01
2.526756688849999821e-01
1.869904786870000002e-01
2.201572968590000123e-01
6.364749652029999538e-01
7.103756227749999930e-01
5.527946480850000066e-01
4.422690643050000148e-01
1.665190355030000124e-01
1.578442041850000033e-01
3.601108103139999961e-01
5.052357082899999741e-01
7.803097565909999922e-01
6.318399634639999540e-01
3.163252044229999949e-01
1.801804859089999877e-01
1.798259189310000006e-01
3.572027810510000068e-01
6.043571637929999740e-01
7.533915446450000220e-01
6.161804825179999501e-01
2.564520539490000028e-01
1.829054315529999863e-01
2.319255034380000025e-01
3.066724728760000240e-01
7.292497598299999551e-01
7.768430007180000541e-01
4.100450078960000133e-01
3.460700617160000214e-01
1.575823405110000075e-01
1.724258086759999919e-01
5.038320316719999692e-01
5.860858549299999831e-01
6.879903775390000531e-01
5.707728924849999608e-01
2.094805339159999946e-01
1.652147832739999933e-01
2.609834904269999756e-01
3.875273129230000224e-01
7.510722777849999643e-01
7.345436326169999530e-01
4.349866591539999772e-01
2.337360696430000051e-01
1.578168019610000083e-01
2.669495491020000277e-01
4.632695803410000202e-01
7.612353641450000374e-01
7.319740219439999640e-01
3.416800513170000220e-01
2.423998265110000050e-01
1.777916184330000093e-01
2.243953167159999929e-01
6.191727497040000472e-01
7.152572134560000183e-01
5.412603063090000166e-01
4.649065307499999911e-01
1.635085894199999890e-01
1.556243737520000003e-01
3.782827044720000198e-01
4.518378104640000115e-01
7.706646107240000543e-01
6.930418375600000402e-01
2.846464436999999736e-01
2.069152905989999902e-01
1.938503552170000033e-01
2.919612075679999807e-01
6.462911841080000164e-01
7.683911978890000105e-01
5.744501423929999628e-01
3.123505666299999928e-01
1.722052446929999980e-01
2.009492039640000116e-01
3.385845162400000219e-01
6.842904391420000509e-01
7.812964377890000423e-01
4.510908786310000029e-01
3.338787817509999978e-01
1.562340420449999934e-01
1.738747746329999955e-01
4.885212607489999859e-01
5.883436356719999871e-01
6.754141102209999525e-01
5.973450451480000201e-01
4.469882241820000157e-01
1.873245419710000137e-01
4.942580324699999972e-01
5.953185617220000392e-01
5.713080154259999599e-01
4.482952266699999910e-01
1.475208026900000080e-01
3.253611944350000007e-01
5.564439647440000414e-01
5.656176388210000239e-01
5.003956528909999646e-01
1.367244336740000010e-01
3.790665989499999999e-01
5.587362783360000362e-01
5.674588921480000492e-01
3.354157030509999915e-01
2.616819294559999953e-01
5.285196995419999544e-01
5.972021373270000044e-01
4.448080888529999943e-01
8.670641037100000614e-02
5.003047958499999837e-01
5.745143210640000220e-01
3.763860574349999766e-01
2.018230000279999936e-01
5.133669969759999674e-01
6.023473925019999786e-01
4.839089998150000183e-01
9.588099532270000225e-02
4.278617359269999976e-01
5.941931944049999581e-01
5.574154353010000174e-01
3.707148360690000199e-01
1.184955168190000019e-01
4.662107558779999827e-01
5.956500976309999640e-01
5.956949055870000009e-01
4.952782347990000167e-01
2.827054297630000046e-01
1.754117117940000026e-01
4.298258517999999917e-01
5.554509715050000018e-01
5.945227101009999959e-01
5.584366092039999563e-01
3.855300356440000131e-01
1.132690472089999956e-01
3.642290900819999955e-01
5.411504840640000147e-01
5.938496239580000058e-01
5.346090061329999976e-01
2.835792504190000063e-01
2.196006915860000130e-01
5.154024125189999861e-01
5.894022377219999553e-01
4.609479663709999953e-01
9.568160315920000436e-02
4.241735408630000204e-01
5.901175993570000333e-01
5.698043153959999607e-01
4.126940271230000179e-01
9.448164971729999806e-02
4.001432401119999760e-01
5.633135813909999623e-01
6.074511755189999640e-01
5.437408659569999969e-01
3.622081195699999867e-01
1.068123084060000061e-01
3.987752734669999799e-01
5.592936479450000276e-01
5.747105058289999624e-01
5.169495473740000069e-01
3.099463384300000235e-01
6.872738852720000624e-02
3.893130078740000277e-01
5.383204716799999678e-01
6.074234337980000120e-01
5.987527601800000099e-01
5.710638923280000334e-01
4.895032170590000176e-01
2.513971635180000108e-01
1.557700410800000046e-01
4.287402050090000083e-01
5.702184007570000324e-01
6.143984330239999903e-01
5.998584076680000265e-01
5.639619574980000438e-01
5.327228623499999927e-01
3.984057281749999735e-01
1.606500010240000109e-01
1.243431353079999940e-01
3.393946805999999983e-01
4.755346099950000238e-01
5.656260782640000206e-01
6.224335453370000160e-01
6.293059100160000030e-01
6.229766748849999702e-01
5.687094426400000069e-01
4.793790900589999793e-01
3.803484543139999952e-01
1.515535149710000029e-01
1.299793692029999892e-01
4.882176063470000105e-01
4.882176063479999883e-01
4.882176063479999883e-01
4.882176063479999883e-01
4.882176063479999883e-01
4.882176063479999883e-01
4.882176063479999883e-01
4.882176063479999883e-01
4.882176063479999883e-01
4.882176063479999883e-01
4.882176063479999883e-01
4.882176063479999883e-01
4.882176063479999883e-01
4.882176063479999883e-01
4.882176063479999883e-01
4.882176063479999883e-01
4.882176063479999883e-01
4.882176063479999883e-01
4.882176063479999883e-01
4.882176063479999883e-01
4.882176063479999883e-01
4.882176063479999883e-01
4.882176063479999883e-01
4.882176063479999883e-01
4.882176063479999883e-01
4.882176063479999883e-01
4.882176063479999883e-01
4.882176063479999883e-01
4.882176063479999883e-01
4.882176063479999883e-01
4.882176063479999883e-01
4.882176063479999883e-01
4.882176063479999883e-01
4.882176063479999883e-01
4.882176063479999883e-01
4.882176063479999883e-01
4.882176063479999883e-01
4.882176063479999883e-01
4.882176063479999883e-01
4.882176063479999883e-01
4.882176063479999883e-01
4.882176063479999883e-01
4.882176063479999883e-01
4.882176063479999883e-01
4.882176063479999883e-01
4.882176063479999883e-01
4.882176063479999883e-01
4.882176063479999883e-01
4.882176063479999883e-01
4.882176063479999883e-01
4.882176063479999883e-01
4.882176063479999883e-01
4.882176063479999883e-01
4.882176063479999883e-01
4.882176063479999883e-01
4.882176063479999883e-01
4.882176063479999883e-01
4.882176063479999883e-01
4.882176063479999883e-01
4.882176063479999883e-01
4.882176063479999883e-01
4.882176063479999883e-01
4.882176063479999883e-01
4.882176063479999883e-01
4.882176063479999883e-01
4.882176063479999883e-01
4.882176063479999883e-01
4.882176063479999883e-01
4.882176063479999883e-01
4.882176063479999883e-01
4.882176063479999883e-01
4.882176063479999883e-01
4.882176063479999883e-01
4.882176063479999883e-01
4.882176063479999883e-01
4.882176063479999883e-01
4.882176063479999883e-01
4.882176063479999883e-01
4.882176063479999883e-01
4.882176063479999883e-01
4.882176063479999883e-01
4.882176063479999883e-01
4.882176063479999883e-01
4.882176063479999883e-01
4.882176063479999883e-01
4.882176063479999883e-01
4.882176063479999883e-01
4.882176063479999883e-01
4.882176063479999883e-01
4.882176063479999883e-01
4.882176063479999883e-01
4.882176063479999883e-01
4.882176063479999883e-01
4.882176063470000105e-01
4.882176063470000105e-01
4.882176063470000105e-01
4.882176063470000105e-01
4.882176063470000105e-01
4.882176063479999883e-01
4.882176063470000105e-01
8.660817370009999960e-01
1.311654894729999965e-01
2.618956855649999804e-01
6.470009996770000049e-02
1.839706199210000004e-01
3.199153642900000039e-01
3.287833067659999831e-01
2.233110433620000002e-01
2.979786074540000107e-02
2.074629927659999984e-01
3.186533709159999894e-01
3.197730996800000058e-01
1.990724994270000048e-01
4.594591489290000136e-02
2.492777583809999975e-01
3.406416509499999856e-01
3.076008429170000169e-01
1.580265431150000011e-01
8.286398365100000607e-02
2.628691996929999886e-01
3.287680859689999791e-01
2.861027571079999832e-01
1.213587114820000035e-01
1.264164707980000024e-01
2.964092174969999993e-01
3.448162100600000168e-01
2.696696718969999740e-01
7.993723777429999344e-02
1.633947358760000079e-01
3.026825201059999970e-01
3.240494513439999835e-01
2.361069218509999901e-01
4.087287539509999734e-02
1.990577692970000034e-01
3.257856062260000019e-01
3.326955374710000024e-01
2.139271522070000098e-01
3.327548817159999700e-02
2.331197390729999874e-01
3.267347280530000231e-01
3.044572176170000088e-01
1.709655336979999940e-01
6.590030214170000677e-02
2.556065638300000220e-01
3.385937622669999980e-01
3.036221030069999882e-01
1.408862106840000072e-01
1.110423157679999995e-01
2.867245279180000161e-01
3.352890911599999968e-01
2.695828152520000076e-01
9.413277140110000440e-02
1.441923318689999900e-01
2.954853670420000133e-01
3.355707049630000105e-01
2.568213004389999776e-01
5.770807511579999910e-02
1.901897739370000118e-01
3.228956728699999834e-01
3.284268563830000098e-01
2.187933566739999891e-01
2.810631181140000115e-02
2.129672412130000081e-01
3.196524817829999865e-01
3.167632922909999760e-01
1.924632452610000044e-01
5.215545198379999831e-02
2.537021659179999888e-01
3.419847860670000017e-01
3.057566695360000031e-01
1.522111511610000079e-01
9.014048906079999424e-02
2.673377961419999838e-01
3.286606607550000003e-01
2.818117176980000083e-01
1.139229170260000062e-01
1.327940560120000058e-01
2.990617481719999859e-01
3.445656646090000108e-01
2.661191133119999996e-01
7.324697530590000560e-02
1.704003566639999967e-01
3.059881960620000063e-01
3.229627375210000206e-01
2.306810897550000128e-01
3.557927566099999828e-02
2.039415525440000099e-01
3.268499429719999849e-01
3.307529350510000077e-01
2.086897951320000055e-01
3.782504716460000083e-02
2.390051155980000008e-01
3.287969764520000115e-01
3.023195605130000185e-01
1.645407777979999986e-01
7.249606803829999890e-02
2.590337652610000263e-01
3.381730312860000143e-01
3.000276509690000259e-01
1.340609297199999994e-01
1.183430384729999979e-01
8.843088425499999738e-01
5.285768595780000467e-01
4.988087833350000055e-01
5.375172819819999948e-01
6.446540040179999931e-01
5.502681707490000296e-01
4.932654952659999981e-01
6.156899786049999657e-01
5.907411700910000230e-01
4.826008043430000116e-01
5.808322325339999592e-01
6.331074589640000028e-01
5.102715922010000460e-01
5.254912361410000177e-01
6.392567970660000265e-01
5.490194746980000540e-01
4.897502930170000157e-01
6.180871947149999546e-01
5.967898602490000481e-01
4.891911817319999911e-01
5.717021303849999514e-01
6.372838647940000101e-01
5.115347519840000023e-01
5.174532039989999666e-01
6.375178376140000491e-01
5.500090169679999752e-01
4.942654000719999829e-01
6.159290490990000366e-01
6.095016294120000344e-01
4.888540733580000186e-01
5.588656179569999605e-01
6.331252805799999495e-01
5.089512134820000089e-01
5.223798064860000201e-01
6.415967800720000502e-01
5.655462988539999847e-01
4.890362514170000230e-01
6.028660662550000549e-01
6.069475013449999734e-01
4.850407286919999894e-01
5.630464973850000110e-01
6.389448448250000245e-01
5.212200956470000035e-01
5.142024945119999524e-01
6.349856686570000130e-01
5.676158602949999965e-01
4.834419313730000112e-01
6.033531060000000279e-01
6.096707766090000424e-01
4.923530762259999971e-01
5.572420390110000010e-01
6.426139547129999796e-01
5.267723337199999856e-01
5.041607431519999905e-01
6.312090904589999774e-01
5.656401265449999549e-01
4.882534629220000033e-01
6.031717805459999582e-01
6.219155983819999456e-01
4.965941386550000169e-01
5.426055915230000304e-01
6.378464821639999727e-01
5.222416114560000100e-01
5.084017539859999602e-01
6.351880035660000257e-01
5.803847001049999843e-01
4.876121747459999933e-01
5.888145641230000393e-01
6.208968169649999869e-01
4.918146038749999782e-01
5.448005348859999986e-01
6.416859869419999640e-01
5.334731870459999969e-01
5.046751392589999829e-01
6.277447990610000028e-01
5.857328046959999757e-01
4.815870511229999873e-01
5.864012246719999544e-01
6.210212746209999857e-01
4.979599437900000258e-01
5.428297998019999682e-01
6.444393280869999963e-01
5.431881349899999600e-01
4.943455309070000081e-01
6.213392303320000032e-01
5.818962754419999550e-01
4.849575919019999959e-01
5.885154308979999582e-01
6.317741390550000169e-01
5.065749799259999797e-01
5.280646426530000159e-01
6.386034299759999477e-01
5.382136084030000323e-01
4.964459107590000198e-01
6.255052596100000306e-01
5.944378273839999727e-01
4.887210065079999888e-01
5.742507900419999700e-01
6.317561980910000319e-01
5.026257547779999779e-01
5.272147690149999733e-01
4.905812431159999876e-01
5.819673561479999924e-01
5.818779951879999857e-01
5.803445684129999727e-01
5.774666257149999593e-01
5.734377197809999993e-01
5.685411930979999973e-01
5.630732364230000009e-01
5.574357581190000355e-01
5.520088386570000116e-01
5.471611277829999676e-01
5.432244300440000062e-01
5.404660277930000145e-01
5.390674337680000372e-01
5.391095966869999812e-01
5.405660508870000491e-01
5.433047811660000059e-01
5.470986156360000408e-01
5.516428912759999692e-01
5.565784555389999833e-01
5.615177031129999774e-01
5.660757784450000107e-01
5.699132082150000222e-01
5.726840218130000437e-01
5.741790162830000543e-01
5.742523366270000373e-01
5.728554144359999656e-01
5.700434853700000470e-01
5.659707763989999529e-01
5.608801643749999899e-01
5.550871362110000318e-01
5.489587231939999645e-01
5.428884631889999701e-01
5.372687197829999484e-01
5.324619991219999848e-01
5.287729929150000174e-01
5.264226813739999455e-01
5.255330165070000170e-01
5.261382599759999446e-01
5.280991502059999565e-01
5.312256572900000418e-01
5.352210320710000246e-01
5.397223703210000112e-01
5.443301951710000086e-01
5.486382089460000167e-01
5.522630654279999662e-01
5.548719971490000402e-01
5.562065201170000028e-01
5.561008265129999684e-01
5.544937368410000067e-01
5.514334212799999468e-01
5.470741510759999926e-01
5.416620116650000538e-01
5.355262061659999961e-01
5.290779549599999854e-01
5.227016335490000110e-01
5.168239729079999734e-01
5.118275123869999721e-01
5.080296066839999902e-01
5.056568715100000500e-01
5.048246627279999732e-01
5.055257154790000484e-01
5.076297083059999604e-01
5.108940138349999938e-01
5.149843368569999580e-01
5.195028046340000039e-01
5.240205408710000290e-01
5.281116857319999580e-01
5.313800640419999999e-01
5.334913193870000070e-01
5.342394847100000455e-01
5.334661914449999598e-01
5.311657774860000236e-01
5.274453996910000164e-01
5.225221578369999564e-01
5.167091221009999513e-01
5.103930507139999850e-01
5.040060620270000458e-01
4.979929156139999979e-01
4.927758379100000141e-01
4.887192751389999867e-01
4.860976973169999771e-01
4.850702033609999853e-01
4.856662899309999726e-01
4.877739688300000154e-01
4.911477804150000126e-01
4.954787713930000059e-01
5.003362339029999717e-01
5.052720312070000386e-01
5.098360199550000527e-01
5.136124942049999920e-01
5.162530921989999522e-01
5.175036613710000122e-01
5.172237156629999610e-01
5.153972500589999450e-01
5.121342022260000348e-01
5.076625119290000265e-01
5.023113599599999812e-01
4.964870141769999745e-01
4.906452186120000003e-01
1.338786733879999968e-01
9.711375792939999640e-02
9.327849521540000632e-02
7.703869907360000324e-02
8.460706854220000073e-02
7.611866759799999771e-02
1.003260918309999972e-01
9.637238888929999803e-02
1.247469594330000014e-01
1.226005669879999954e-01
1.411919855900000131e-01
1.442431136929999969e-01
1.429071897610000030e-01
1.538127560549999995e-01
1.314308316710000035e-01
1.466622615550000064e-01
1.115428575539999939e-01
1.248900323330000006e-01
8.795289149960000552e-02
9.941927452160000123e-02
7.013075486019999805e-02
8.850445179360000303e-02
7.375628061519999557e-02
1.027825536490000052e-01
9.437148897340000286e-02
1.297416778449999863e-01
1.150734792539999940e-01
1.522557603709999985e-01
1.291758354330000136e-01
1.597103827219999994e-01
1.350854822420000101e-01
1.492893936240000108e-01
1.301132856480000100e-01
1.256087750659999891e-01
1.128650410180000035e-01
9.809762798950000251e-02
8.976383817659999709e-02
8.055699789980000358e-02
7.806322081409999836e-02
8.692358762870000533e-02
9.076397122670000484e-02
1.094661139110000014e-01
1.171236514609999974e-01
1.293752956510000052e-01
1.426369512300000031e-01
1.371049928289999886e-01
1.573542859729999965e-01
1.324838392450000124e-01
1.551004013900000034e-01
1.188997314720000031e-01
1.362477683989999910e-01
9.873223902849999345e-02
1.092978167240000048e-01
7.687854640230000480e-02
9.018596372659999638e-02
6.833771509510000453e-02
9.499621555020000552e-02
8.275547740819999554e-02
1.188976901060000008e-01
1.058027177399999963e-01
1.434361722509999992e-01
1.260160376749999978e-01
1.553840509219999999e-01
1.390408800279999968e-01
1.500445861820000060e-01
1.406290854489999909e-01
1.304811388259999871e-01
1.278450824719999934e-01
1.040802461069999935e-01
1.045923270180000031e-01
8.089880413159999950e-02
8.505257588369999344e-02
7.613276414769999667e-02
8.755852564190000353e-02
9.363463507310000600e-02
1.107556423940000007e-01
1.156669114270000021e-01
1.383504754169999906e-01
1.291949667189999928e-01
1.574513394800000077e-01
1.318990099429999951e-01
1.600755198830000059e-01
1.256326139879999915e-01
1.449165846540000080e-01
1.109203361559999990e-01
1.184415224039999937e-01
8.938358959160000450e-02
9.375657917429999766e-02
7.172589031130000015e-02
8.822151153889999653e-02
7.546123216590000515e-02
1.064435976739999956e-01
9.715835047000000169e-02
1.316107334199999868e-01
1.216445331279999986e-01
1.476576794610000021e-01
1.408159480310000045e-01
1.477917215089999958e-01
1.486717406399999941e-01
1.335485027199999897e-01
5.774185020090000231e-01
1.368499553220000053e-01
4.276183138790000116e-01
2.418923350980000109e-01
2.651793244649999770e-01
2.407140652389999913e-01
4.712762871919999874e-01
4.078058810349999841e-01
2.694527326089999897e-01
4.667793745689999829e-01
4.682417896969999771e-01
1.217857122299999956e-01
1.318088200510000030e-01
1.238865491000000069e-01
4.698348871640000146e-01
4.925819371569999938e-01
7.877459702279999698e-01
8.215736213650000064e-01
5.774185020090000231e-01
5.774185020090000231e-01
5.774185020090000231e-01
5.774185020090000231e-01
5.774185020090000231e-01
5.774185020090000231e-01
5.774185020090000231e-01
5.774185020090000231e-01
5.774185020090000231e-01
5.774185020100000010e-01
5.774185020100000010e-01
5.774185020100000010e-01
5.774185020100000010e-01
5.774185020100000010e-01
5.774185020100000010e-01
5.774185020100000010e-01
5.774185020100000010e-01
5.774185020100000010e-01
5.774185020100000010e-01
5.774185020100000010e-01
5.774185020090000231e-01
5.774185020090000231e-01
5.774185020100000010e-01
5.774185020100000010e-01
5.774185020100000010e-01
5.774185020100000010e-01
5.774185020100000010e-01
5.774185020100000010e-01
5.774185020100000010e-01
5.774185020100000010e-01
5.774185020100000010e-01
5.774185020100000010e-01
5.774185020100000010e-01
5.774185020100000010e-01
5.774185020090000231e-01
5.774185020100000010e-01
5.774185020100000010e-01
5.774185020090000231e-01
5.774185020090000231e-01
5.774185020090000231e-01
5.774185020090000231e-01
5.774185020090000231e-01
5.774185020090000231e-01
5.774185020090000231e-01
5.774185020090000231e-01
5.774185020090000231e-01
5.774185020090000231e-01
5.774185020100000010e-01
5.774185020090000231e-01
5.774185020090000231e-01
2.770626850440000011e-01
3.164299318800000149e-01
2.909701115550000217e-01
2.684605629240000013e-01
2.490358048159999893e-01
2.184614049399999924e-01
2.114639688509999949e-01
1.969782868820000032e-01
2.135032904130000075e-01
2.229156191920000085e-01
2.524696658810000049e-01
2.743883163629999844e-01
2.932819821029999940e-01
3.202966221729999785e-01
3.218368531149999878e-01
3.380337411459999886e-01
3.374943427659999884e-01
3.265899645629999903e-01
3.269900696010000218e-01
3.004386946440000261e-01
2.857621173250000091e-01
2.620692092449999899e-01
2.330625576170000102e-01
2.199748093259999981e-01
1.987691229269999971e-01
2.076875544800000084e-01
2.102471701339999888e-01
2.393462758400000112e-01
2.568501739679999729e-01
2.829703233979999899e-01
3.075314201109999868e-01
3.144089424400000055e-01
3.367585549379999987e-01
3.335494949899999728e-01
3.333548443670000250e-01
3.333330106249999814e-01
3.094368608920000097e-01
3.017281291000000198e-01
2.742193739539999786e-01
2.498198517569999999e-01
2.309965565679999999e-01
2.057503472090000118e-01
2.060990693699999987e-01
2.015526511119999920e-01
2.266960579650000029e-01
2.400497288229999915e-01
2.712425653219999733e-01
2.920551205690000152e-01
3.069737299110000261e-01
3.311033591679999888e-01
3.282934325669999986e-01
3.385754437979999754e-01
3.354699086290000021e-01
3.185379972549999827e-01
3.149628400819999841e-01
2.855178667189999797e-01
2.675006755059999852e-01
2.432919176049999910e-01
2.171558097040000024e-01
2.089991928469999982e-01
1.976668878030000132e-01
2.158364063980000025e-01
2.250418388700000105e-01
2.579823917440000058e-01
2.752775321939999742e-01
2.987833600759999819e-01
3.211063693539999986e-01
3.229342598470000270e-01
3.406579952029999969e-01
3.343691013589999983e-01
3.275705874250000038e-01
3.244238542480000209e-01
2.964467723270000077e-01
2.847058183260000042e-01
2.558887794170000007e-01
2.319351099070000033e-01
2.158438960250000094e-01
1.990623574379999927e-01
2.081426358729999981e-01
2.127471781660000005e-01
2.437308802589999990e-01
2.585093502119999997e-01
2.888774335129999926e-01
3.077752945610000013e-01
3.176820668920000146e-01
3.384361680629999758e-01
3.315200728170000222e-01
3.355044524699999919e-01
3.298119058449999752e-01
3.074545060530000096e-01
2.999972266090000228e-01
2.683945526120000147e-01
2.487654944749999875e-01
2.256279766479999949e-01
2.056445031440000126e-01
2.046611321029999930e-01
2.040449665559999903e-01
2.296431012959999907e-01
2.426877223660000027e-01
2.767351531159999989e-01
6.930670318080000003e-01
4.627574273810000083e-01
6.945561326579999806e-01
4.959718660540000101e-01
3.806535214349999752e-01
6.362892901619999764e-01
6.116393332699999741e-01
3.696331062850000126e-01
5.223133615370000316e-01
6.871445937379999647e-01
4.414611378600000191e-01
4.129577123709999853e-01
6.728719084659999794e-01
5.584797333719999646e-01
3.638559988339999940e-01
5.796175001929999571e-01
6.612249272839999525e-01
3.985255761570000166e-01
4.660173832000000238e-01
6.965027989550000020e-01
4.908853868140000132e-01
3.865353891650000207e-01
6.533580898009999638e-01
5.955875017080000111e-01
3.675288470879999880e-01
5.673242800619999748e-01
6.742452358839999826e-01
4.021903636040000118e-01
4.814917778969999840e-01
3.623477995969999754e-01
3.107348735239999771e-01
3.215953451549999897e-01
3.322439187710000130e-01
3.262345859340000098e-01
3.094291718270000269e-01
3.032497818400000100e-01
3.168095586629999794e-01
3.338024026149999934e-01
3.354643598600000054e-01
3.235789595040000077e-01
3.181494903140000274e-01
3.320931884150000180e-01
3.535416919280000014e-01
3.623077319820000031e-01
3.542044684580000213e-01
3.452817138879999970e-01
3.529636490699999962e-01
3.739837862490000275e-01
3.889623478450000005e-01
3.858125982380000152e-01
3.724561891050000018e-01
3.682229489200000150e-01
3.815056998999999949e-01
3.993692668300000137e-01
4.035879195539999742e-01
3.906019336900000138e-01
3.751212428649999819e-01
3.745255733399999731e-01
3.883326778210000052e-01
3.987364475479999726e-01
3.916101633030000251e-01
3.716804592740000079e-01
3.578011147490000043e-01
3.618523819239999884e-01
3.736298422089999738e-01
3.736326182470000035e-01
3.560678818470000007e-01
3.354437128700000215e-01
3.306986279249999883e-01
3.411432578999999965e-01
3.470763429729999960e-01
3.353414924750000026e-01
3.150405627719999879e-01
3.074636804359999753e-01
3.186476482369999808e-01
3.306181606360000247e-01
3.262392413660000212e-01
3.104618741629999734e-01
3.045377211420000063e-01
3.184278815359999903e-01
3.365976933550000050e-01
3.398276560769999954e-01
3.287948599730000088e-01
3.228921018120000097e-01
3.360696290799999875e-01
3.579213800639999832e-01
3.681240938379999883e-01
3.608939144169999724e-01
3.509154506039999788e-01
3.564488726330000135e-01
3.765283853999999986e-01
3.925662492279999860e-01
3.908402370169999918e-01
3.770743413379999964e-01
3.702384976259999738e-01
3.810273312490000119e-01
3.987415255810000114e-01
4.045508622740000004e-01
3.924738909209999904e-01
3.754541937720000111e-01
3.718344376050000122e-01
3.839593636440000179e-01
3.951129702480000172e-01
3.895596127240000262e-01
3.696971911090000118e-01
3.537955025189999936e-01
3.557065099410000042e-01
3.672791155960000165e-01
3.686580438309999819e-01
3.521459029110000083e-01
3.310387469000000138e-01
3.250680406909999820e-01
3.353384126919999875e-01
3.424878232479999784e-01
3.322232631100000000e-01
3.125911278740000077e-01
3.049958814700000076e-01
3.165967050019999895e-01
3.299026759149999988e-01
3.271693232439999988e-01
3.124203757780000257e-01
3.066737980040000200e-01
3.207524947700000073e-01
3.399884399840000238e-01
3.447774592449999731e-01
3.345520939530000071e-01
3.280113048800000208e-01
3.401198256299999834e-01
3.621568350079999998e-01
6.153313587419999564e-01
5.160004181699999748e-01
5.604627279149999586e-01
6.206535155050000307e-01
6.399460675710000324e-01
6.010330930110000525e-01
5.424164594610000334e-01
5.216492909859999916e-01
5.599348581009999659e-01
6.206532296560000050e-01
6.467266327249999724e-01
6.140031825449999703e-01
5.540225518920000036e-01
5.242225910659999988e-01
5.538227797029999788e-01
6.141492149580000115e-01
6.478715876739999935e-01
6.230114000159999721e-01
5.628684975169999660e-01
5.241262139660000097e-01
5.440025858939999681e-01
6.025573865590000411e-01
6.430135408510000428e-01
6.260261723669999778e-01
5.668762644560000341e-01
5.210438357459999947e-01
5.323319522449999619e-01
5.885356585400000062e-01
6.335868174469999614e-01
6.224658149170000376e-01
5.644958532939999829e-01
5.143522141580000318e-01
5.203904246020000235e-01
5.751021486020000406e-01
6.222168193120000135e-01
6.133265170189999838e-01
5.554191030599999745e-01
5.040967638179999488e-01
5.098944896989999753e-01
5.652237827489999811e-01
6.117376153289999507e-01
6.004716560289999894e-01
5.410651598560000108e-01
4.921661659450000115e-01
5.032973625519999716e-01
5.612571104050000370e-01
6.041469202000000482e-01
5.861690956539999942e-01
5.246341405550000170e-01
4.822519881649999784e-01
5.033383062130000196e-01
5.643601101649999841e-01
6.002849526950000403e-01
5.728917305790000025e-01
5.104720653709999834e-01
4.784215317300000159e-01
5.113321544640000438e-01
5.737040913969999600e-01
6.001880250519999738e-01
5.634954984319999749e-01
5.026126200020000212e-01
4.824519654300000182e-01
5.255659865659999541e-01
5.868728644209999512e-01
6.039220463690000429e-01
5.603733567349999944e-01
5.026776102379999500e-01
4.925164937500000062e-01
5.420412427399999844e-01
6.010976319430000325e-01
6.114179418080000206e-01
5.643206583859999848e-01
5.093607957429999722e-01
5.045260098449999564e-01
5.563701894350000510e-01
6.139106361170000303e-01
6.218882699679999515e-01
5.742179024489999506e-01
5.198646792709999964e-01
5.147454463399999680e-01
5.654347662430000421e-01
6.230764029769999546e-01
6.332743547400000450e-01
5.876621410660000100e-01
5.317580769540000141e-01
5.213613507750000098e-01
5.677921323029999634e-01
6.266707167030000081e-01
6.428094467549999580e-01
6.017185638440000206e-01
5.433205294199999758e-01
5.242949439209999563e-01
5.637251332589999775e-01
6.237449646360000433e-01
6.477963608269999840e-01
6.133257791120000357e-01
5.530594027630000298e-01
5.242372386019999997e-01
5.547931187850000390e-01
6.147892020409999603e-01
8.301290185730000326e-01
5.618246156989999962e-01
5.333816286379999827e-01
5.057325572480000364e-01
4.791048124799999752e-01
4.536896422489999914e-01
4.296558455360000028e-01
4.071608873579999899e-01
3.863245231879999797e-01
3.672796025360000050e-01
3.501412964699999741e-01
3.350280414590000033e-01
3.220563693699999841e-01
3.113324375809999878e-01
3.029597160099999908e-01
2.970273284500000166e-01
2.936081390770000077e-01
2.927393934679999865e-01
2.944384149550000052e-01
2.986816850260000100e-01
3.054211049850000248e-01
3.145808830829999736e-01
3.260694893100000158e-01
3.397819913910000156e-01
3.556065644549999960e-01
3.734313741899999983e-01
3.931309284430000162e-01
4.145980471929999744e-01
4.376965042050000032e-01
4.622902668689999883e-01
4.882252108499999799e-01
5.153156715540000432e-01
5.433689735790000475e-01
5.721381274900000369e-01
6.013497323219999524e-01
6.306793199469999944e-01
6.597770912829999945e-01
6.882383030309999761e-01
7.156269300449999982e-01
7.414855171340000162e-01
7.653233836520000333e-01
7.866844380009999638e-01
8.050952350129999546e-01
8.201402688259999962e-01
2.245716745680000070e-01
2.091447154520000018e-01
1.925221042810000005e-01
1.695697621280000122e-01
1.277059147010000117e-01
8.231068547519999890e-02
7.148943951660000073e-02
9.089374986650000654e-02
1.187280890850000020e-01
1.624920302719999876e-01
2.136261569840000041e-01
2.487459489870000040e-01
2.560528420550000073e-01
2.492263477040000119e-01
2.538587837649999845e-01
2.711621527740000204e-01
2.752845860350000007e-01
2.496449906169999899e-01
2.037262013499999969e-01
1.614318433620000048e-01
1.325269904140000121e-01
1.029120039179999974e-01
7.200621737920000209e-02
8.052434427530000272e-02
1.193863274349999948e-01
1.498499331729999939e-01
1.746667996579999993e-01
2.114849192899999897e-01
2.554305823899999939e-01
2.822028081910000208e-01
2.782163749489999782e-01
2.561599361219999982e-01
2.429626739869999996e-01
2.438649025279999993e-01
2.357471941779999969e-01
2.016214739470000017e-01
1.499655874170000014e-01
1.047165504140000064e-01
7.977863117250000302e-02
7.130812357019999936e-02
9.441014667689999473e-02
1.436960529990000124e-01
1.870961707009999864e-01
2.088875692959999975e-01
2.196641380229999996e-01
2.419601164630000023e-01
2.745729341270000123e-01
2.920783717450000094e-01
2.781270874719999897e-01
2.433005100700000034e-01
2.135742655769999887e-01
1.977854644569999876e-01
1.768598744919999965e-01
1.362739179749999918e-01
8.865411816990000082e-02
7.028819061270000224e-02
8.579959374140000428e-02
1.120449934239999973e-01
1.546760069700000018e-01
2.063529545639999907e-01
2.436289632679999873e-01
2.535763231459999822e-01
2.481044094500000075e-01
2.529252955330000274e-01
2.713448132469999940e-01
2.780154400689999750e-01
2.549668057369999796e-01
2.102544396649999869e-01
1.679389991970000051e-01
1.390617080179999965e-01
1.100076277359999938e-01
7.599202685070000074e-02
7.531092829970000013e-02
1.117584460189999934e-01
1.432564752480000037e-01
1.687018109489999973e-01
2.054170188130000074e-01
2.503294288039999982e-01
2.795527621080000080e-01
2.783001933040000209e-01
2.576463676319999951e-01
2.446858630500000076e-01
2.466164557820000047e-01
2.407976778470000134e-01
2.090139117760000109e-01
1.581411333090000093e-01
1.115075622950000012e-01
8.388956983879999885e-02
7.096307238690000019e-02
8.761446140390000137e-02
1.349831064279999882e-01
1.797508316479999868e-01
2.037604187429999936e-01
2.157564253450000025e-01
2.382144352860000036e-01
2.718943409630000252e-01
2.919287032480000210e-01
2.806639474589999739e-01
2.473855814489999971e-01
2.178674933829999882e-01
6.989702007220000013e-01
8.380025083259999841e-01
4.628495380379999968e-01
9.354608137550000091e-01
4.206823704520000207e-01
6.855791905260000263e-01
7.731954197699999476e-01
5.608201513560000517e-01
6.771063069860000505e-01
4.342897923319999909e-01
8.343839970299999909e-01
4.747285197650000232e-01
9.163404403620000194e-01
4.513731471229999737e-01
5.214498131060000263e-01
8.296076110000000225e-01
5.729195069710000254e-01
7.446033520150000529e-01
4.052803608660000001e-01
8.178416367459999670e-01
4.660350285409999849e-01
8.498165782979999472e-01
6.109358696750000206e-01
4.658176504009999830e-01
8.245930792240000473e-01
5.421914874680000551e-01
8.310694879709999983e-01
4.953905271090000006e-01
8.381379798450000473e-01
4.550324599259999991e-01
7.049485910860000537e-01
7.899837929199999831e-01
4.710558708250000004e-01
8.011640072750000341e-01
4.459214992059999938e-01
7.992061501410000490e-01
5.503095417029999492e-01
8.535707033649999609e-01
4.728768295920000031e-01
5.156881256280000381e-01
8.884105594500000258e-01
4.835300255609999986e-01
8.048992235680000329e-01
3.973694526909999913e-01
7.151249223400000243e-01
5.489024749590000196e-01
8.240272751049999567e-01
5.947933661469999578e-01
4.268171039670000111e-01
9.233870769299999948e-01
4.834237880630000150e-01
8.424250212880000088e-01
5.044182597240000065e-01
6.983456962359999576e-01
5.314637404419999545e-01
7.129376331250000254e-01
7.764685409749999545e-01
4.314599222020000235e-01
9.175015579599999915e-01
4.435289983580000261e-01
7.941533220900000023e-01
6.263559410960000129e-01
7.200516143949999837e-01
5.301069577150000489e-01
5.315649030610000159e-01
8.788931134799999878e-01
4.418692508729999968e-01
8.927431634039999508e-01
3.996938024919999832e-01
6.570758731570000011e-01
6.660940061119999811e-01
7.311119457039999547e-01
6.036700123729999978e-01
4.107289067220000200e-01
9.194807268489999519e-01
4.439876378370000154e-01
8.741059548089999964e-01
4.909058861489999925e-01
5.821920413560000007e-01
6.531004869769999610e-01
6.826979153600000183e-01
7.598329869240000312e-01
4.256722039970000093e-01
9.441560186180000258e-01
4.331919005679999990e-01
8.075520106479999738e-01
6.622968569999999611e-01
5.841751233030000323e-01
6.332177956529999596e-01
5.466717915109999826e-01
8.522739316620000505e-01
4.552735007870000183e-01
9.412263649580000502e-01
4.125516520540000176e-01
6.440697376599999746e-01
7.698510780580000157e-01
6.039010977469999597e-01
6.557996704259999587e-01
4.106704519830000066e-01
8.510548159659999667e-01
4.436568413679999878e-01
4.106462377749999781e-01
4.060065938990000123e-01
4.013260654329999788e-01
3.966115149439999876e-01
3.918697552470000178e-01
3.871076351339999833e-01
3.823319215589999764e-01
3.775495179289999892e-01
3.727673566190000121e-01
3.679930330439999953e-01
3.632339218530000191e-01
3.584959950969999753e-01
3.537845376550000087e-01
3.491067328949999937e-01
3.444704019440000264e-01
3.398825467700000158e-01
3.353500361980000233e-01
3.308795504140000232e-01
3.264778982000000052e-01
3.221518457599999996e-01
3.179082380700000154e-01
3.137538952910000067e-01
3.096956775599999934e-01
3.057404182419999894e-01
3.018949686210000150e-01
2.981661363359999761e-01
2.945607267679999919e-01
2.910854726650000113e-01
2.877470756430000054e-01
2.845521273609999957e-01
2.815071414800000005e-01
2.786184733789999757e-01
2.758923404249999933e-01
2.733347287099999745e-01
2.709514417810000020e-01
2.687480030819999754e-01
2.667299453470000081e-01
2.649027471759999863e-01
2.632714618320000088e-01
2.618392328499999921e-01
2.606090961099999936e-01
2.595847097660000102e-01
2.587692231820000188e-01
2.581650799649999883e-01
2.577739425430000120e-01
2.575969442389999808e-01
2.576345862919999785e-01
2.578868244699999979e-01
2.583530076569999778e-01
2.590319286969999801e-01
2.599217960920000015e-01
2.610202883059999923e-01
2.623245390280000144e-01
2.638312010250000172e-01
2.655364434870000068e-01
2.674360112190000138e-01
2.695252499560000237e-01
2.717991308400000139e-01
2.742523213620000067e-01
2.768791590799999924e-01
2.796737575320000224e-01
2.826299272960000053e-01
2.857413025080000057e-01
2.890012842770000034e-01
2.924034777610000080e-01
2.959421274010000102e-01
2.996109662079999847e-01
3.034022013459999889e-01
3.073078926510000031e-01
3.113214115469999932e-01
3.154361757720000048e-01
3.196454526579999844e-01
3.239423758250000174e-01
3.283200130869999844e-01
3.327714204339999871e-01
3.372896408589999839e-01
3.418677243550000133e-01
3.464987153579999757e-01
3.511756641339999763e-01
3.558916173880000144e-01
3.606396167989999735e-01
3.654127097450000083e-01
3.702039173319999765e-01
3.750062854760000119e-01
3.798128059470000095e-01
3.846165119150000145e-01
3.894103593689999809e-01
3.941873450110000010e-01
3.989403460009999791e-01
4.036622424790000108e-01
4.083457277490000203e-01
4.129836979889999760e-01
4.175698264029999995e-01
4.220986462340000078e-01
4.265629747440000119e-01
4.309537085630000264e-01
4.352636701870000180e-01
4.394864967389999766e-01
4.436158721969999941e-01
6.492268554600000297e-01
4.219622445249999743e-01
7.181710689720000040e-01
9.236645588090000025e-01
4.307944468139999761e-01
8.563190903940000043e-01
5.910988344549999995e-01
8.474232031770000395e-01
7.566350516840000262e-01
4.651128559009999885e-01
9.047109429720000540e-01
7.489230310940000468e-01
4.753537388569999966e-01
8.341387792909999988e-01
8.629406346739999512e-01
4.494111075159999968e-01
1.747863008030000054e-01
2.495286100559999942e-01
2.870570578700000208e-01
3.604621592210000003e-01
3.688172248770000272e-01
4.071130303289999808e-01
2.203897754520000030e-01
1.762566204430000005e-01
3.798190306079999856e-01
8.193707195849999625e-01
4.516114975900000217e-01
4.213230909430000226e-01
4.082156513030000267e-01
4.019959085390000242e-01
4.041376024539999889e-01
4.141126267460000232e-01
4.295555397840000178e-01
4.469194050540000185e-01
4.624265627049999883e-01
4.727664636259999997e-01
4.757329881230000224e-01
4.705917359590000015e-01
4.581907844800000018e-01
4.408550652339999765e-01
4.219212962730000127e-01
4.052366640410000054e-01
3.942866134219999985e-01
3.914034915619999944e-01
3.969607505300000172e-01
4.092464979159999849e-01
4.249911277580000202e-01
4.402960517350000269e-01
4.514329967729999726e-01
4.556734805300000080e-01
4.517469392060000088e-01
4.400317857259999910e-01
4.225482289240000133e-01
4.025195169279999763e-01
3.839079355610000022e-01
3.705384816269999826e-01
3.652155807090000095e-01
3.687397267470000073e-01
3.795864776239999960e-01
3.944066513700000276e-01
4.090026952079999778e-01
4.194489156360000082e-01
4.228185326619999795e-01
4.178329884720000109e-01
4.050205722860000246e-01
3.866410398640000023e-01
3.662500747279999747e-01
3.481329804850000209e-01
3.362900962229999902e-01
3.333421282299999788e-01
3.394842415429999982e-01
3.523328369050000020e-01
3.678342518100000125e-01
3.814749076560000063e-01
3.894668206179999759e-01
3.894465570639999985e-01
3.809802062220000174e-01
3.655934282400000179e-01
3.465013082899999763e-01
3.280500030569999947e-01
3.147602021690000251e-01
3.100784558449999895e-01
3.151056358429999982e-01
3.280284449790000223e-01
3.448656945340000113e-01
3.609522760059999946e-01
3.721045114050000047e-01
3.755628425800000003e-01
3.704556319110000051e-01
3.579827550019999971e-01
3.412005857370000173e-01
3.244156411970000042e-01
3.123168424910000018e-01
3.085985992659999733e-01
3.146451867630000176e-01
3.288948966119999984e-01
3.475727515159999781e-01
3.660720800989999968e-01
3.802112248439999953e-01
3.869927365249999918e-01
3.852444848920000275e-01
3.757947518359999739e-01
3.613126406050000128e-01
3.458537518409999789e-01
3.339373123830000067e-01
3.294464365890000246e-01
3.342799887669999914e-01
3.476842603670000087e-01
3.666177546009999899e-01
3.868626174249999994e-01
4.042250812889999767e-01
4.153333461109999791e-01
4.183178395259999904e-01
4.130531551589999850e-01
4.012940515210000059e-01
3.862785351649999921e-01
3.721411912989999737e-01
3.629762963179999913e-01
3.618030205109999953e-01
3.695433123979999790e-01
3.847679009910000003e-01
4.042802051230000027e-01
4.240639398289999806e-01
4.403031070649999767e-01
4.500145565429999883e-01
4.516487169819999870e-01
3.376888593819999951e-01
2.610931517689999981e-01
2.863914840299999764e-01
5.518295441330000051e-01
4.690502328839999957e-01
1.326588353179999902e-01
4.339250249000000115e-01
8.259822152350000668e-02
4.712870018309999742e-01
1.004047139260000054e-01
4.776411114790000134e-01
1.036365771679999964e-01
3.811972309800000236e-01
3.020214272200000272e-01
2.048535437540000004e-01
5.555385813040000231e-01
4.957155202999999899e-01
2.394678806570000040e-01
3.196491014219999816e-01
5.912611368729999706e-01
6.732257692069999466e-01
4.959927269020000251e-01
3.372952574549999971e-01
3.085976357169999962e-01
3.760604423069999758e-01
4.696198563790000002e-01
5.489933554839999674e-01
5.993128545220000047e-01
6.197324564889999943e-01
6.162559036239999566e-01
5.983309960320000176e-01
5.768255295499999935e-01
5.621271098879999650e-01
5.635819430520000450e-01
5.901512759420000087e-01
6.477728361190000506e-01
7.234884941650000512e-01
7.549412861550000020e-01
6.538529878990000377e-01
4.427481825680000260e-01
2.715079126109999907e-01
3.185845145319999849e-01
5.643949806820000026e-01
6.019868654409999964e-01
2.974270913470000166e-01
2.293341572270000128e-01
5.427648519200000132e-01
3.158065966079999787e-01
1.572610118710000005e-01
1.354989653689999962e-01
3.178257837390000007e-01
1.968549538340000071e-01
3.486770215989999921e-01
3.796286569799999788e-01
1.692172791000000065e-01
2.404828217249999900e-01
1.636289370100000029e-01
2.312251294279999980e-01
2.111546774470000054e-01
5.652599715020000248e-01
5.564389760819999919e-01
3.520754219069999746e-01
2.717186746710000267e-01
3.140338006189999920e-01
3.954829293189999762e-01
4.633743451540000002e-01
4.990610266639999848e-01
5.016450349590000357e-01
4.798731319969999909e-01
4.470367862919999991e-01
4.153237285120000011e-01
3.916312773980000217e-01
3.787545517220000102e-01
3.822012924579999971e-01
4.172521961539999991e-01
5.046576903739999898e-01
6.326180189629999617e-01
6.610566269119999561e-01
4.355284141419999977e-01
1.875994188910000138e-01
3.194858620550000139e-01
4.023244741320000095e-01
8.455038132700000431e-02
4.525730490830000008e-01
1.108256891759999974e-01
3.419285402219999770e-01
1.376355099040000030e-01
4.938907384819999913e-01
5.889868833300000439e-01
3.953298025220000067e-01
2.859573454000000070e-01
2.880046912429999884e-01
3.350847864459999825e-01
3.763767531169999736e-01
3.939477214050000065e-01
3.893275009050000124e-01
3.734105359609999897e-01
3.576497244529999731e-01
3.467075131139999988e-01
3.370144112669999914e-01
4.945327353789999991e-01
2.354317612980000030e-01
4.258376574100000145e-01
6.480807890499999946e-01
3.432178460599999981e-01
5.400405817069999781e-01
3.143746211619999897e-01
3.203644338809999992e-01
3.020756894159999928e-01
8.893148279410000301e-01
8.256151159879999701e-01
3.051872384389999748e-01
6.391445052309999708e-01
7.759040887339999637e-01
2.749906800129999773e-01
7.420033536529999640e-01
7.750744358769999787e-01
2.103551308200000136e-01
5.243932405110000028e-01
6.938480778229999535e-01
3.416016251069999843e-01
7.725155272160000308e-01
5.647754586790000308e-01
7.213132369479999806e-01
7.633247374899999604e-01
3.583613021750000072e-01
2.632098309340000220e-01
8.304309153459999981e-01
8.122190416250000267e-01
2.984976772280000246e-01
3.275219481609999983e-01
2.535391220730000006e-01
1.010265536160000061e-01
4.389737534329999913e-01
2.758387378730000061e-01
5.867964047849999476e-01
2.221725798630000137e-01
8.342954763250000072e-01
3.785978354330000184e-01
3.735287765290000173e-01
6.147495165440000076e-01
2.390151011950000098e-02
1.891060077099999959e-01
1.699313625680000106e-01
6.349642475960000088e-01
2.384058851049999928e-01
6.497297766509999573e-01
7.962557593679999712e-01
3.761437810620000266e-01
2.969211950980000236e-01
4.637492912660000077e-01
7.218828592549999534e-01
3.323366014760000264e-01
4.901217728830000175e-01
6.851877419049999807e-01
1.984025494190000127e-01
5.680558319039999970e-01
2.792275857889999768e-01
8.729087873180000345e-01
7.898540672180000000e-01
6.699065971500000050e-01
1.117790767989999962e-01
3.393440307210000006e-01
8.064181503009999474e-01
7.578573976560000203e-01
1.662014508250000133e-01
3.019709303259999755e-01
6.261777740639999923e-01
4.945918579879999832e-01
8.817470435019999497e-01
3.646887743910000035e-01
2.566236940980000103e-01
7.709328580680000487e-01
9.614153020030000163e-02
2.329045519830000022e-01
4.424960631920000220e-01
8.037238810879999695e-01
8.711044971390000113e-02
2.993927914360000053e-01
3.957968087090000253e-01
8.662508701050000148e-01
5.016121958899999456e-01
4.957231090559999775e-01
3.581231596839999920e-01
6.785049582740000362e-01
6.672357306909999508e-01
6.095437550969999840e-01
3.082300828580000207e-01
2.489937983169999980e-01
3.446296416180000266e-01
5.980532144379999693e-01
3.451991738049999814e-01
7.860877698960000437e-01
5.999441411279999858e-01
2.152727875990000095e-01
2.452878679690000119e-01
5.733806025569999631e-01
2.930301489470000242e-01
6.610130518719999904e-01
6.650353260160000168e-01
3.720127108640000069e-01
5.396098925229999566e-01
6.047978544840000303e-01
6.237626325059999477e-01
6.125517023900000080e-01
5.733628883279999755e-01
5.147781938990000361e-01
4.477025116030000085e-01
3.816579551309999818e-01
3.233673086700000199e-01
2.770861315789999724e-01
2.457849975949999988e-01
2.317616517830000111e-01
2.362032101119999894e-01
2.585579046190000230e-01
2.968314121589999965e-01
3.483781183549999882e-01
4.097766914179999942e-01
4.760715179660000018e-01
5.398053862920000334e-01
5.913135457050000543e-01
6.209062473069999477e-01
6.224036864880000408e-01
5.959604450800000119e-01
5.478832846250000221e-01
4.875949881359999960e-01
4.241844988139999995e-01
3.645828899099999854e-01
3.132336867230000044e-01
2.728489796890000152e-01
2.452948706879999885e-01
2.319999147600000089e-01
2.338903427640000032e-01
2.510086369000000261e-01
2.825382669320000151e-01
3.270844954239999769e-01
3.826771646509999902e-01
4.459851425790000157e-01
5.112324305390000267e-01
5.696172079489999485e-01
6.101341896830000389e-01
6.230657906169999594e-01
6.045560724990000079e-01
5.589223735370000279e-01
4.963143399020000235e-01
4.281316103369999793e-01
3.634416856209999880e-01
3.082014369809999987e-01
2.661399340719999840e-01
2.398188446589999967e-01
2.310795357039999998e-01
2.404781546220000066e-01
2.668911348419999996e-01
3.081035504719999985e-01
3.614332634999999905e-01
4.233937746229999854e-01
4.887757750869999862e-01
5.501037557689999469e-01
5.980148403659999445e-01
6.236081325219999805e-01
6.216495024399999458e-01
5.929678565470000162e-01
5.438745185200000165e-01
4.834522125030000228e-01
4.203589592729999880e-01
3.612094867469999859e-01
3.103600914130000277e-01
2.705400352710000123e-01
2.437252367359999949e-01
2.315338214840000075e-01
2.349893884760000107e-01
2.541348328499999920e-01
2.880693693620000051e-01
3.352828381679999747e-01
3.934765825250000071e-01
4.587868079290000067e-01
5.245012043450000272e-01
5.806991401409999920e-01
6.157170321570000215e-01
6.205717762460000175e-01
5.935975795679999667e-01
5.415703865590000277e-01
4.759579937469999855e-01
4.079603504689999771e-01
3.457743550619999939e-01
2.944272374149999871e-01
2.570024099109999849e-01
2.356468957260000052e-01
2.316795409000000083e-01
2.450914498760000115e-01
2.744505619400000040e-01
3.175709123980000048e-01
3.718224870760000189e-01
4.337378677829999973e-01
4.980696432289999920e-01
5.573597820440000516e-01
6.025418419129999759e-01
6.252247673819999463e-01
6.207658815829999455e-01
5.902946966719999633e-01
5.401823040400000053e-01
7.206045175099999867e-01
8.371853359659999771e-01
5.511977230040000508e-01
6.886182608199999944e-01
8.727289039790000480e-01
7.309660365379999636e-01
5.049998596670000062e-01
8.185455156719999570e-01
8.380555688999999919e-01
4.424272305179999809e-01
7.803717845540000253e-01
8.353527662640000129e-01
6.525772566680000386e-01
6.222080919339999516e-01
8.748925488740000311e-01
7.673864002539999563e-01
4.028496148240000019e-01
7.811958191869999846e-01
8.665626479439999530e-01
6.034653645880000417e-01
6.518070999170000324e-01
8.491345335369999692e-01
7.712941917469999797e-01
4.632591183659999778e-01
8.227852828670000340e-01
8.351873785750000279e-01
4.849241047460000065e-01
7.509797688949999550e-01
8.502671876570000453e-01
6.861177690080000335e-01
5.679319617760000272e-01
8.603955386370000236e-01
7.930824639369999929e-01
4.280396702979999968e-01
7.505214257050000226e-01
8.798057712610000136e-01
6.539783962259999583e-01
6.094496430570000012e-01
8.319013245669999446e-01
8.008947225489999600e-01
4.409783170559999910e-01
8.231624352280000334e-01
8.273617147970000474e-01
5.387257281130000131e-01
7.109361348499999567e-01
8.719290737489999721e-01
7.143285526560000376e-01
3.206173125160000081e-01
5.507495386890000066e-01
2.984033413000000134e-01
5.408810905269999525e-01
6.648133706409999899e-01
3.402273720880000241e-01
4.138593336049999905e-01
7.032983453000000162e-01
4.429130351960000045e-01
3.227985855430000051e-01
6.402020324020000208e-01
5.731628414660000503e-01
2.993230612309999983e-01
5.141348731870000188e-01
6.781143317259999970e-01
3.556765294500000008e-01
3.864877525850000106e-01
6.930247594849999748e-01
4.725342330849999772e-01
3.051034455030000037e-01
6.012979219009999543e-01
6.085652274349999669e-01
3.061828588780000082e-01
4.589053476669999743e-01
6.914336425910000417e-01
3.952935264879999799e-01
3.361567661250000061e-01
6.525356449010000226e-01
5.380797252360000060e-01
2.886133704120000254e-01
5.139369560519999602e-01
6.634572012989999878e-01
3.487272552399999781e-01
4.754666347859999864e-01
4.778681533010000204e-01
6.041505184140000262e-01
4.393225943280000267e-01
4.932449859949999960e-01
5.624648608669999827e-01
3.945538390989999922e-01
5.300084980370000087e-01
4.907217681819999733e-01
3.946519951699999917e-01
5.568141600399999502e-01
4.099280821099999805e-01
4.560113731620000221e-01
5.339599519390000326e-01
3.768396493630000177e-01
5.339248351669999559e-01
4.769268523090000045e-01
4.153477656660000128e-01
5.784316443760000315e-01
4.369102713279999772e-01
4.844934969970000060e-01
5.900249835140000121e-01
4.327758715119999766e-01
5.444615871260000128e-01
5.951728031359999616e-01
4.490380076220000238e-01
5.834522929259999824e-01
6.086552447680000366e-01
4.686407557510000044e-01
6.023503054879999485e-01
6.310485317120000381e-01
4.860129130620000071e-01
6.030526036919999777e-01
6.564635714640000286e-01
5.034093385419999844e-01
5.880581685050000340e-01
6.766067512040000453e-01
5.236329689230000417e-01
5.626602060199999977e-01
6.843268707049999788e-01
5.449887651589999660e-01
5.341331818500000272e-01
6.774821013299999750e-01
5.610802598240000050e-01
5.079132424790000488e-01
6.600118233889999964e-01
5.644889374629999956e-01
4.854391408029999910e-01
6.392786117490000253e-01
5.499012521920000340e-01
4.667307245940000016e-01
6.212140894469999619e-01
5.146425346520000499e-01
4.565126377770000188e-01
6.047828596540000268e-01
4.605040048419999921e-01
4.670417425389999933e-01
5.762628532029999695e-01
4.033160747089999942e-01
5.057290491639999663e-01
5.161695119470000037e-01
3.827999428609999977e-01
5.485642366549999815e-01
4.335543572430000103e-01
4.299120790329999942e-01
5.487137924789999843e-01
3.817535990550000036e-01
5.117287912889999513e-01
5.034559264689999480e-01
3.995142117089999778e-01
5.724072061449999582e-01
4.600901414699999914e-01
4.591497225039999908e-01
5.988778428169999613e-01
4.468875728369999800e-01
5.178762263039999869e-01
6.118251254900000102e-01
4.567214077739999989e-01
5.577064311920000295e-01
6.276296136910000101e-01
4.749427055339999759e-01
5.765971257490000168e-01
6.488419617339999945e-01
4.953053390500000153e-01
5.766260471309999636e-01
6.700834327229999721e-01
5.182924365750000151e-01
5.618683747110000404e-01
6.834551079449999733e-01
5.443319250899999462e-01
5.389278866250000188e-01
6.830751353839999984e-01
5.697736294080000263e-01
5.150307200520000128e-01
6.687231123879999739e-01
5.875076742799999474e-01
4.940376642739999768e-01
6.460443433900000532e-01
5.909523146780000236e-01
4.750132868720000068e-01
9.428579792100000301e-01
