7.784856324449999754e+00 1.705967785009999960e-01 6.308650887690000486e-01 1.000000000000000000e+00
5.411944660009999630e+00 7.604566273099999663e-01 4.471668994710000233e-01 1.000000000000000000e+00
6.271754907920000122e+00 7.718757462790000190e-01 8.455608587780000240e-01 1.000000000000000000e+00
6.206133948919999810e+00 4.613768377440000124e-01 1.560773722859999935e-01 2.000000000000000000e+00
5.957578347500000149e+00 4.867523679529999758e-01 1.783828878740000012e-01 1.000000000000000000e+00
6.456030076520000272e+00 6.450746740680000091e-01 3.036646204369999880e-01 1.000000000000000000e+00
6.263362975769999785e+00 1.265454589109999972e-01 1.532381844340000021e-01 1.000000000000000000e+00
5.756866900810000409e+00 5.343728560139999750e-01 5.343325334499999801e-01 2.000000000000000000e+00
9.009631729989999727e+00 5.280097379020000092e-01 4.393982259529999879e-01 2.000000000000000000e+00
6.779842467920000004e+00 5.214421862529999840e-01 1.071283970060000090e+00 2.000000000000000000e+00
8.263317272289999238e+00 1.772316377450000036e-01 4.934274770609999861e-01 5.000000000000000000e+00
8.546727150800000672e+00 2.993204068390000194e-01 3.750988618789999895e-01 1.000000000000000000e+00
6.035128473340000355e+00 3.925685445900000126e-01 8.039841737320000403e-01 1.000000000000000000e+00
6.567211913380000432e+00 5.749588467420000404e-01 8.541573602659999764e-01 3.000000000000000000e+00
5.453383582909999916e+00 4.469882241820000157e-01 5.316394537220000549e-01 2.000000000000000000e+00
6.869473816650000231e+00 1.873245419710000137e-01 2.659368390190000042e-01 3.000000000000000000e+00
5.958822918440000116e+00 4.882176063470000105e-01 5.922437202170000026e-01 3.000000000000000000e+00
5.898451090110000017e+00 8.660817370009999960e-01 1.101150454970000053e-01 1.000000000000000000e+00
5.937466484169999781e+00 1.311654894729999965e-01 4.131458752530000056e-01 1.000000000000000000e+00
6.024436637440000020e+00 8.843088425499999738e-01 3.528669516080000235e-01 5.000000000000000000e+00
5.921296871340000045e+00 5.285768595780000467e-01 1.036773251020000064e+00 1.000000000000000000e+00
6.591382905049999685e+00 4.905812431159999876e-01 3.321177444919999888e-01 1.000000000000000000e+00
6.914320957520000199e+00 1.338786733879999968e-01 3.283210260750000220e-01 4.000000000000000000e+00
6.714009509500000306e+00 5.774185020090000231e-01 3.714059624130000015e-01 2.000000000000000000e+00
6.240943029330000336e+00 2.770626850440000011e-01 1.413403333580000032e-01 1.000000000000000000e+00
5.698786516190000206e+00 6.930670318080000003e-01 1.231686796239999993e+00 4.000000000000000000e+00
6.070243713900000060e+00 3.623477995969999754e-01 1.428074226740000119e-01 1.000000000000000000e+00
5.761200145240000126e+00 6.153313587419999564e-01 2.521572346429999945e-01 4.000000000000000000e+00
5.703590262309999659e+00 8.301290185730000326e-01 6.724749739449999986e-01 1.000000000000000000e+00
6.366981816070000022e+00 2.245716745680000070e-01 3.199577570039999763e-01 1.000000000000000000e+00
7.842855889359999999e+00 6.989702007220000013e-01 9.104915216019999757e-01 5.000000000000000000e+00
6.210058458089999789e+00 4.436568413679999878e-01 5.815128826309999832e-01 2.000000000000000000e+00
5.761220398899999928e+00 4.516114975900000217e-01 7.524728533550000265e-01 1.000000000000000000e+00
7.299098159349999726e+00 3.376888593819999951e-01 8.931806361020000473e-01 1.000000000000000000e+00
7.234296062060000310e+00 4.945327353789999991e-01 9.461593826940000174e-01 1.000000000000000000e+00
5.607506037640000329e+00 3.720127108640000069e-01 8.834522439069999455e-01 4.000000000000000000e+00
6.817523083250000226e+00 5.396098925229999566e-01 8.407110420810000040e-01 1.000000000000000000e+00
6.518176692439999975e+00 7.206045175099999867e-01 2.626828359460000040e-01 5.000000000000000000e+00
5.491057962020000183e+00 3.206173125160000081e-01 9.582754133059999679e-01 2.000000000000000000e+00
6.249543420300000207e+00 4.754666347859999864e-01 3.573377743830000175e-01 2.000000000000000000e+00
5.671641885199999678e+00 9.428579792100000301e-01 7.515812897639999601e-01 1.000000000000000000e+00
