7.784856324449999754e+00 1.705967785009999960e-01 6.308650887690000486e-01 1.000000000000000000e+00
2.183451389649999896e+01 1.043579510629999985e-01 3.744469530990000017e-01 2.000000000000000000e+00
3.320146981799999821e+02 6.789941175370000082e-01 2.223321391770000099e-01 4.000000000000000000e+00
1.623400164930000074e+02 6.150464601980000223e-01 5.109520808780000367e-01 2.000000000000000000e+00
1.732771875210000090e+01 1.333985700699999999e-01 6.586248146259999769e-01 3.000000000000000000e+00
5.411944595619999632e+00 7.873592546340000276e-01 7.479964573680000228e-01 1.000000000000000000e+00
1.593778028289999895e+02 4.720655822359999809e-01 2.775249054999999743e-01 5.000000000000000000e+00
1.683332294159999876e+01 3.906089823289999874e-01 1.202254968189999940e-01 5.000000000000000000e+00
6.271755439299999679e+00 6.140479738399999832e-01 8.135503642089999543e-01 1.000000000000000000e+00
1.315226647519999972e+02 1.228856071979999992e-01 2.431733330729999865e-01 4.000000000000000000e+00
3.604035535839999937e+01 7.613256679930000548e-01 1.771258346819999940e-01 1.000000000000000000e+00
6.206133948919999810e+00 4.613768377440000124e-01 1.560773722859999935e-01 2.000000000000000000e+00
3.120335130980000145e+02 5.317300255729999758e-01 1.085744993759999999e-01 3.000000000000000000e+00
5.830766791269999771e+01 3.540609561949999984e-01 3.755502224489999930e-01 2.000000000000000000e+00
5.127511699630000521e+02 4.202145974979999976e-01 2.348241970390000100e-01 5.000000000000000000e+00
6.908322170520000327e+01 2.878290066259999724e-01 6.503294793170000254e-01 4.000000000000000000e+00
1.319531764719999956e+01 4.047729370280000148e-03 6.948926637410000016e-03 1.000000000000000000e+00
3.231779292480000265e+01 2.383132593890000157e-03 7.694799707939999588e-03 2.000000000000000000e+00
6.055761492599999940e+01 3.703257219759999858e-02 4.364534297970000011e-03 3.000000000000000000e+00
8.827896675860000641e+01 1.135076021449999972e-01 3.063988818380000007e-02 4.000000000000000000e+00
8.223996854499999642e+01 7.531058282189999342e-02 4.397646256430000344e-02 5.000000000000000000e+00
5.957578347500000149e+00 4.867523679529999758e-01 1.783828878740000012e-01 1.000000000000000000e+00
6.456030076520000272e+00 6.450746740680000091e-01 3.036646204369999880e-01 1.000000000000000000e+00
2.461988119030000064e+02 4.879744126089999856e-01 1.978936609670000069e-01 3.000000000000000000e+00
2.114308479510000041e+02 2.623436212199999895e-01 5.857397490910000171e-01 4.000000000000000000e+00
3.066206158709999841e+01 8.353550811019999633e-01 9.965886386420000354e-02 2.000000000000000000e+00
4.127862821420000046e+02 5.378651748389999820e-01 1.670785261040000080e-01 3.000000000000000000e+00
6.263362975769999785e+00 1.265454589109999972e-01 1.532381844340000021e-01 1.000000000000000000e+00
2.486981336499999884e+02 2.740813334409999968e-01 2.285130469099999895e-01 2.000000000000000000e+00
5.756866900810000409e+00 5.343728560139999750e-01 5.343325334499999801e-01 2.000000000000000000e+00
1.164134463919999973e+02 5.133874967579999948e-01 1.501109215699999999e-01 4.000000000000000000e+00
2.768007106749999835e+01 2.534193208619999749e-01 5.212704453950000039e-01 1.000000000000000000e+00
9.009631729989999727e+00 5.280097379020000092e-01 4.393982259529999879e-01 2.000000000000000000e+00
1.651732783109999900e+02 4.122634067570000171e-01 2.835565764980000139e-02 5.000000000000000000e+00
1.459745584190000045e+02 3.903631763140000266e-01 5.344591008910000163e-01 3.000000000000000000e+00
6.779842467920000004e+00 5.214421862529999840e-01 1.071283970060000090e+00 2.000000000000000000e+00
3.294334840550000081e+02 3.688085974070000050e-01 3.179109885670000080e-01 3.000000000000000000e+00
3.759321892549999689e+01 4.058508360459999742e-01 1.570073877389999983e-01 4.000000000000000000e+00
8.263317272289999238e+00 1.772316377450000036e-01 4.934274770609999861e-01 5.000000000000000000e+00
2.056945134020000054e+01 6.331182117689999611e-01 1.982178401540000134e-01 5.000000000000000000e+00
2.205783535610000001e+02 3.785520932820000128e-01 3.883036599379999787e-01 4.000000000000000000e+00
5.038592001380000340e+01 4.914674300749999891e-01 4.392575513290000178e-01 2.000000000000000000e+00
4.079390980210000350e+01 2.668804676229999950e-01 1.642726894450000086e-01 5.000000000000000000e+00
8.546727150800000672e+00 2.993204068390000194e-01 3.750988618789999895e-01 1.000000000000000000e+00
4.351744294209999708e+01 3.832407333530000182e-01 2.906215069409999741e-01 3.000000000000000000e+00
2.893509551980000083e+02 2.326969439019999919e-01 4.848344286319999918e-01 4.000000000000000000e+00
3.407780166640000061e+02 8.993518021849999933e-02 1.529997683909999906e-01 5.000000000000000000e+00
6.172247885529999678e+01 4.046218229899999907e-01 8.176421537110000193e-01 4.000000000000000000e+00
6.035115189669999936e+00 4.874025306340000196e-01 2.632902853329999737e-01 1.000000000000000000e+00
7.229199578230000611e+01 4.081246056949999756e-01 4.021702372050000029e-01 5.000000000000000000e+00
6.567211913380000432e+00 5.749588467420000404e-01 8.541573602659999764e-01 3.000000000000000000e+00
8.116883728029999645e+01 5.887677883840000126e-01 2.023782875809999882e-01 4.000000000000000000e+00
1.252460252939999918e+01 2.845766953180000058e-01 3.395542520350000038e-01 1.000000000000000000e+00
9.197097296050000637e+01 2.221915935990000091e-01 4.623493884039999724e-01 3.000000000000000000e+00
1.389668678880000030e+01 5.994702957009999666e-01 3.572766058499999842e-01 2.000000000000000000e+00
2.933005411109999727e+02 1.643446374149999945e-01 1.030437264410000026e-01 3.000000000000000000e+00
2.650891658799999959e+02 7.886414472799999631e-01 3.588543883690000214e-01 1.000000000000000000e+00
5.453383652680000360e+00 3.000877957199999946e-01 7.551930904610000272e-01 2.000000000000000000e+00
2.561241118030000052e+02 7.580750951369999990e-01 2.227942120030000084e-01 3.000000000000000000e+00
6.849440343679999899e+01 6.455252636689999823e-01 2.254583524129999961e-01 1.000000000000000000e+00
3.014630594509999924e+02 4.718049455660000002e-01 2.963169277250000122e-01 1.000000000000000000e+00
6.182257269120000132e+01 4.077798895399999957e-01 1.741432530229999887e-01 5.000000000000000000e+00
4.984710705650000051e+01 7.572495668440000216e-01 2.699671363419999803e-01 1.000000000000000000e+00
4.633076079890000187e+02 2.729199828200000177e-01 2.291862316409999933e-01 3.000000000000000000e+00
2.682396720340000229e+02 6.790739889069999924e-01 1.646059613199999938e-01 1.000000000000000000e+00
3.266677150329999790e+01 4.558811201169999938e-01 5.211587871730000154e-01 2.000000000000000000e+00
6.869473816650000231e+00 1.873245419710000137e-01 2.659368390190000042e-01 3.000000000000000000e+00
8.868798890950000668e+01 4.725618049129999831e-01 3.883582180299999798e-01 1.000000000000000000e+00
5.958822918440000116e+00 4.882176063470000105e-01 5.922437202170000026e-01 3.000000000000000000e+00
1.942974655890000122e+02 3.741832957980000263e-01 2.646245072130000153e-01 5.000000000000000000e+00
4.645037400119999660e+01 1.833363344460000044e-01 3.911520948810000009e-01 4.000000000000000000e+00
2.908311623410000024e+01 5.719919249880000001e-01 2.272801711949999914e-01 5.000000000000000000e+00
2.369870714170000099e+02 2.234672222069999936e-01 1.738251196929999909e-01 2.000000000000000000e+00
6.620856981650000250e+01 4.556285504670000153e-01 4.374775308350000169e-01 3.000000000000000000e+00
8.424724602199999879e+01 5.848059747499999989e-02 1.230532088449999978e-01 1.000000000000000000e+00
6.277574311179999711e+01 3.683418319499999760e-01 2.606677032729999843e-01 1.000000000000000000e+00
2.517306648079999931e+01 3.865916907890000198e-01 5.988318493299999989e-01 2.000000000000000000e+00
3.445437525039999827e+01 2.664682750190000005e-01 5.169710360620000111e-01 3.000000000000000000e+00
1.740091265670000098e+02 5.142134803579999636e-01 6.641315384020000101e-01 5.000000000000000000e+00
2.703701771500000106e+01 4.382943249830000276e-01 1.289923825720000083e+00 2.000000000000000000e+00
4.333311135079999872e+02 4.781822415199999954e-01 2.434215186470000125e-01 4.000000000000000000e+00
6.719458921960000453e+01 5.875217112149999643e-01 3.003498996830000212e-01 5.000000000000000000e+00
2.415607324339999877e+02 4.253777593140000146e-01 1.219438721450000068e-01 4.000000000000000000e+00
1.986052552800000015e+01 3.294167934550000232e-01 2.656428551560000018e-01 1.000000000000000000e+00
5.453273410900000044e+02 5.924032298989999612e-01 3.625212806079999850e-01 4.000000000000000000e+00
1.024584956340000019e+02 1.728771107859999878e-01 1.765392288969999945e-01 5.000000000000000000e+00
5.898451700569999900e+00 7.846536049019999792e-01 4.146050817410000255e-01 1.000000000000000000e+00
1.115155573189999956e+02 2.412252207789999936e-01 1.973590112320000034e-01 2.000000000000000000e+00
2.762480904430000095e+01 3.470556514879999943e-01 1.886295872919999950e-01 1.000000000000000000e+00
6.823912237000000403e+01 5.903395682890000273e-02 3.282442420810000039e-01 4.000000000000000000e+00
4.301532454880000245e+01 3.821722259009999734e-01 4.322506728909999985e-01 4.000000000000000000e+00
8.405986783230000015e+01 2.291247076880000011e-01 1.108938018970000022e-01 2.000000000000000000e+00
2.278622921259999856e+01 4.208971321950000233e-01 5.810834247759999460e-01 1.000000000000000000e+00
2.548107955019999906e+02 5.312557882789999825e-02 8.578589863650000480e-02 2.000000000000000000e+00
2.278716086169999855e+01 2.496691093439999953e-01 2.771123660170000114e-01 1.000000000000000000e+00
8.864619965560000026e+01 5.387910506809999722e-01 3.183014296369999774e-01 5.000000000000000000e+00
5.937466484169999781e+00 1.311654894729999965e-01 4.131458752530000056e-01 1.000000000000000000e+00
4.153456174379999766e+01 4.950166358620000095e-01 5.890094943839999653e-01 2.000000000000000000e+00
6.024436413750000163e+00 8.800257911769999719e-01 2.782885451730000015e-01 5.000000000000000000e+00
2.284234095870000090e+02 3.014052589280000194e-01 4.283057187930000009e-01 3.000000000000000000e+00
5.921296871340000045e+00 5.285768595780000467e-01 1.036773251020000064e+00 1.000000000000000000e+00
1.185844573260000061e+02 3.176072530710000175e-01 8.353272150780000072e-02 4.000000000000000000e+00
1.419402287089999959e+02 1.893928930569999947e-01 3.995215333370000232e-01 1.000000000000000000e+00
6.591382905049999685e+00 4.905812431159999876e-01 3.321177444919999888e-01 1.000000000000000000e+00
2.976296130530000141e+02 5.497329852750000301e-01 9.418537996640000132e-02 2.000000000000000000e+00
6.914320957520000199e+00 1.338786733879999968e-01 3.283210260750000220e-01 4.000000000000000000e+00
1.083753228629999938e+02 3.031788888440000163e-01 1.405040585650000062e-01 5.000000000000000000e+00
6.714009509500000306e+00 5.774185020090000231e-01 3.714059624130000015e-01 2.000000000000000000e+00
6.240943029330000336e+00 2.770626850440000011e-01 1.413403333580000032e-01 1.000000000000000000e+00
1.331256208359999960e+02 5.500191653129999914e-01 2.582924192470000269e-01 3.000000000000000000e+00
1.231205070230000018e+02 4.532907391029999955e-01 7.392247728449999888e-01 1.000000000000000000e+00
5.698786408670000192e+00 4.160925940040000048e-01 1.274797596910000053e+00 4.000000000000000000e+00
6.397386859529999725e+01 6.253821167459999719e-01 2.575718717109999889e-01 5.000000000000000000e+00
3.949629827310000252e+01 9.109723525780000219e-01 4.477638675789999967e-01 4.000000000000000000e+00
3.489681192799999963e+02 4.755285005520000219e-01 1.010960928759999933e-01 2.000000000000000000e+00
6.070243713900000060e+00 3.623477995969999754e-01 1.428074226740000119e-01 1.000000000000000000e+00
1.598330383240000003e+02 4.337688571389999859e-01 3.178600866949999881e-01 3.000000000000000000e+00
1.550504007170000023e+02 3.202327769080000053e-01 3.392001674460000116e-01 1.000000000000000000e+00
5.761200145240000126e+00 6.153313587419999564e-01 2.521572346429999945e-01 4.000000000000000000e+00
5.703590228390000405e+00 7.733417130480000345e-01 7.706310624290000355e-01 1.000000000000000000e+00
2.842269674330000271e+02 3.085013595100000172e-01 8.440778091440000186e-02 4.000000000000000000e+00
6.366981816070000022e+00 2.245716745680000070e-01 3.199577570039999763e-01 1.000000000000000000e+00
4.194803202210000137e+01 4.568528430039999755e-01 1.807425785569999888e-01 3.000000000000000000e+00
1.568292915830000140e+02 6.865496399510000458e-01 1.304955476000000114e-01 4.000000000000000000e+00
2.342922789560000041e+01 7.168789658999999981e-01 5.698959553529999722e-01 1.000000000000000000e+00
1.810228091449999965e+02 3.747176365959999922e-01 1.965072312889999950e-01 2.000000000000000000e+00
4.265163921130000091e+01 4.258745469710000231e-01 2.339928513910000119e-01 2.000000000000000000e+00
7.842855889359999999e+00 6.989702007220000013e-01 9.104915216019999757e-01 5.000000000000000000e+00
1.018739975910000055e+02 1.401117907299999910e-01 1.536100439430000131e-01 4.000000000000000000e+00
3.532202873450000169e+01 1.788279638630000112e-01 4.468017931130000009e-01 3.000000000000000000e+00
6.210058458089999789e+00 4.436568413679999878e-01 5.815128826309999832e-01 2.000000000000000000e+00
4.242488309699999718e+02 3.806745169769999992e-01 2.282699035990000125e-01 3.000000000000000000e+00
5.501340492860000353e+01 3.339632298640000108e-01 9.589568842390000514e-02 4.000000000000000000e+00
4.159246403990000118e+01 5.233342341529999553e-01 3.781870350370000189e-01 4.000000000000000000e+00
5.761220398899999928e+00 4.516114975900000217e-01 7.524728533550000265e-01 1.000000000000000000e+00
2.579090637479999941e+02 7.046515821469999663e-01 3.925171127489999745e-01 3.000000000000000000e+00
7.299098159349999726e+00 3.376888593819999951e-01 8.931806361020000473e-01 1.000000000000000000e+00
1.005247323370000032e+02 5.469446177390000496e-01 2.450398910830000054e-01 2.000000000000000000e+00
7.234296062060000310e+00 4.945327353789999991e-01 9.461593826940000174e-01 1.000000000000000000e+00
4.788853082909999870e+01 7.945987512240000605e-02 2.800261260099999872e-01 2.000000000000000000e+00
1.044988129719999961e+02 7.073531501840000235e-01 3.542696034949999739e-01 2.000000000000000000e+00
5.607505969780000044e+00 3.986017258819999909e-01 1.008949888539999895e+00 4.000000000000000000e+00
5.460735176730000262e+01 7.959897171059999998e-02 4.246627169909999999e-01 2.000000000000000000e+00
2.043925123949999900e+01 1.623514858450000042e-01 4.918702255240000043e-01 3.000000000000000000e+00
1.955975082660000055e+02 5.748037697500000265e-01 8.721935459879999464e-02 5.000000000000000000e+00
3.181730301869999877e+01 5.807510278080000310e-01 1.102831534709999950e+00 4.000000000000000000e+00
2.022215607189999886e+01 6.332895788269999882e-01 3.718022445849999968e-01 2.000000000000000000e+00
9.291991361670000060e+01 1.617521776730000138e-01 1.324735016980000124e-01 4.000000000000000000e+00
6.817523083250000226e+00 5.396098925229999566e-01 8.407110420810000040e-01 1.000000000000000000e+00
2.194222713199999930e+02 5.301043699109999618e-01 4.891418720210000126e-01 3.000000000000000000e+00
3.323953622039999800e+01 5.985776920319999528e-01 7.844976572950000671e-02 4.000000000000000000e+00
1.971215908579999905e+02 1.885834237369999888e-01 1.428024195940000018e-01 3.000000000000000000e+00
5.726755373120000314e+01 3.516246049499999748e-01 6.734828129700000388e-02 4.000000000000000000e+00
6.518166060649999594e+00 7.696519433840000035e-01 4.366210031089999832e-01 5.000000000000000000e+00
5.491059152150000067e+00 6.644507489300000014e-01 6.684555997909999991e-01 2.000000000000000000e+00
1.055938169350000067e+02 1.567310912619999941e-01 1.516196547089999902e-01 4.000000000000000000e+00
6.372823945049999850e+01 5.326303178150000317e-01 3.785771892190000210e-01 5.000000000000000000e+00
7.310994029799999794e+01 5.715669137079999462e-01 5.142499409640000074e-01 1.000000000000000000e+00
1.318256468849999941e+01 3.868877662459999783e-03 1.261709542009999997e-02 1.000000000000000000e+00
3.210383764689999708e+01 1.457231515150000066e-02 2.761530484119999879e-02 2.000000000000000000e+00
8.592900220949999834e+01 1.631571759849999997e-02 1.360487280930000077e-02 3.000000000000000000e+00
5.818447133360000123e+01 3.148057947059999806e-02 3.241527762159999992e-02 4.000000000000000000e+00
6.249543420300000207e+00 4.754666347859999864e-01 3.573377743830000175e-01 2.000000000000000000e+00
1.565449261130000025e+02 6.721573162849999727e-01 3.946144473550000087e-01 5.000000000000000000e+00
4.030480202799999745e+01 5.874463604740000067e-01 6.231395641860000278e-01 3.000000000000000000e+00
1.215328711319999968e+02 7.017603736770000600e-02 8.621961670969999769e-01 4.000000000000000000e+00
3.781959056010000353e+01 2.082924431719999914e-01 4.719885674839999767e-01 5.000000000000000000e+00
2.006819396179999870e+01 7.584548929179999455e-01 3.188998624659999948e-01 2.000000000000000000e+00
2.326731716419999998e+02 5.333013779629999784e-02 2.279679822590000016e-01 5.000000000000000000e+00
5.881891104479999655e+01 3.136454639549999812e-01 2.725238578979999882e-01 4.000000000000000000e+00
1.380809534530000064e+02 3.326922812900000026e-01 4.944366481549999914e-01 5.000000000000000000e+00
2.555051871519999906e+01 5.487975405080000035e-01 6.494291152990000482e-01 2.000000000000000000e+00
6.454014679259999809e+01 7.049276390990000252e-01 4.987599415060000041e-01 2.000000000000000000e+00
1.300811546359999937e+01 4.808667118900000204e-01 1.900048903269999923e-01 2.000000000000000000e+00
3.586014916180000114e+02 3.020292412639999924e-01 2.360008101909999989e-01 5.000000000000000000e+00
2.427220134979999955e+01 4.767972469859999701e-02 4.381665758039999803e-01 5.000000000000000000e+00
5.671692120390000369e+00 8.649308939540000241e-01 8.805201773380000319e-01 1.000000000000000000e+00
6.556642911539999830e+01 5.181247318010000491e-01 2.826738328160000036e-01 2.000000000000000000e+00
3.967356537640000056e+02 5.087309165059999971e-01 2.908094792759999825e-01 3.000000000000000000e+00
2.643308165230000029e+01 2.052303493229999942e-01 4.393530318830000114e-01 1.000000000000000000e+00
1.318526353330000056e+01 4.004428026070000306e-03 1.633015408289999887e-02 1.000000000000000000e+00
3.211287872900000195e+01 7.847620036930000320e-03 2.790396249420000127e-02 2.000000000000000000e+00
8.568137569110000129e+01 1.473013615720000086e-02 2.375013250970000114e-02 3.000000000000000000e+00
5.878703261519999757e+01 2.042266827650000144e-02 4.111466876639999907e-02 5.000000000000000000e+00
