1.586299846826325910e-01
1.192691075924399297e-01
6.851793930761451712e-01
5.911291310302172475e-01
3.360383894924739434e-01
3.906089823289987106e-01
6.088019757376214036e-01
1.236405399319947113e-01
7.613256679930001658e-01
4.840031911809076770e-01
5.243235951111498983e-01
3.175079034945141876e-01
4.028116704152504002e-01
2.878290066259999724e-01
4.867523679537312242e-01
5.814069840291904434e-01
5.022497746982802491e-01
2.623436212199999340e-01
7.773596746719124706e-01
5.344637012484614313e-01
1.310037765525330911e-01
2.756660559092184992e-01
4.847601177634918712e-01
5.198399294611830701e-01
2.449304310046039879e-01
4.323432801366663414e-01
4.082053235644481637e-01
3.903631763139999156e-01
5.401868192890121323e-01
3.650383060546925629e-01
3.739240022866181512e-01
2.753212653149368361e-01
4.337320276762693383e-01
5.627128426783855053e-01
4.914674300749998781e-01
2.668804676234217133e-01
4.645319941239991479e-01
3.445149512837961114e-01
2.154191958891026049e-01
4.326902506198374021e-01
7.510318198837956372e-02
4.897347939112342563e-01
4.061222632707346403e-01
4.257753047365589461e-01
5.891689363661368750e-01
2.942262734257282131e-01
1.365802200171096492e-01
5.758546666699226879e-01
1.695303670014841890e-01
6.455252636689999823e-01
4.736359509634444076e-01
3.841260545709793139e-01
6.796416748486342474e-01
2.620744174337312771e-01
6.756912675551176584e-01
3.252837699782386016e-01
4.351969185050762468e-01
4.725618049130000387e-01
4.882176063479400918e-01
3.237348862877178490e-01
3.160660741635387128e-01
2.828704290528777920e-01
5.082009608813036206e-01
4.556285504665820718e-01
5.848059747495782529e-02
2.807870653891149648e-01
5.558495549228972266e-01
3.663931732362489258e-01
5.071693809543956766e-01
6.254575636031851626e-01
5.107880273576969055e-01
5.875217112150282750e-01
4.253777593140001811e-01
3.294167934550652488e-01
5.535477694853300212e-01
3.437895244019580909e-01
2.474042367719362923e-01
1.771374931905422834e-01
2.335841136479760716e-01
3.053292831228931470e-01
3.403844259134946593e-01
5.023014338434774601e-02
3.934146344714051780e-01
4.804134887170630197e-01
2.250620542027863824e-01
4.754820868813545709e-01
5.617650150353243887e-01
3.118574040319943563e-01
1.893928930570000224e-01
5.332094810870552370e-01
5.384232831430660893e-01
1.151866670526333347e-01
3.121112490834174746e-01
2.240291318790058051e-01
4.035332484238284834e-01
6.402377644908499588e-02
8.661352251928340629e-02
1.329568022458744725e-01
2.724376210504808049e-01
5.520588017779829437e-01
4.691875989332330299e-01
5.251725206471236085e-01
6.253821167459553410e-01
5.391925317037804533e-01
7.741211730031188898e-01
3.503849091582709185e-01
4.381387642713546748e-01
3.267436665253213857e-01
5.663005569227983482e-01
4.758667366212231964e-01
3.093395406967368033e-01
1.886713390226242293e-01
4.595573540127091960e-01
6.865496399510000458e-01
7.188584945823200956e-01
3.432772492679398435e-01
3.934344278393356320e-01
6.451916013895757640e-01
2.090921407609266092e-01
1.051088721455098046e-01
3.255749009164651819e-01
3.782776279421719012e-01
5.694502632274953680e-01
4.086295225303576140e-01
5.233342341530000663e-01
3.863043725704350950e-01
7.016970684921493007e-01
4.324588374042788730e-01
5.855761757666199108e-01
4.667843461066821797e-01
2.143938081444520249e-01
9.593160505536599270e-02
1.111279521344982618e-01
5.462276021061863718e-01
6.041235122915262767e-01
5.340082089218980421e-01
2.742472668737102048e-01
4.220437149279701039e-01
5.318547505681544552e-01
2.942777649565120335e-01
4.636623460547756870e-01
3.717461434469861992e-01
7.134677188574977125e-01
4.890178241003955706e-01
1.426162481425467810e-01
5.326303178150001427e-01
5.715669137079999462e-01
4.549121901124512403e-03
7.341482370300880973e-03
9.765596765337818813e-03
2.214049725080699527e-02
5.323955017233938936e-01
6.777990209879227734e-01
7.430348893788409903e-01
2.308135807819683694e-01
2.082924431719999914e-01
6.967157453170828019e-01
1.079029685217942625e-01
3.136454639550000367e-01
6.510832370053208917e-01
3.225437817873119672e-01
7.049276390990002472e-01
4.492565506564665800e-01
3.383170629544953179e-01
4.767972469870666863e-02
2.052303493230000775e-01
3.411072252961872605e-03
5.174712605997366585e-03
9.105898193907377425e-03
1.843587626635725951e-02
