4.300030385859708315e-01
5.285315638646057579e-01
4.051909374694263599e-01
5.375966257475689458e-01
7.538646991330874014e-01
3.691777085685557513e-01
3.817111425285569792e-01
5.034895653102051671e-01
5.318527956909999688e-01
2.770640628650467563e-01
4.281942227901384124e-01
2.664327629027884448e-01
9.058729484079998118e-01
4.039380714099998770e-01
8.615809572944024275e-01
7.835005160732733120e-01
3.386573102855734985e-01
3.342413563520129638e-01
3.093310614624936727e-01
6.237112035954700540e-01
7.825996010039998341e-01
5.396759974497031820e-01
3.812314016394809102e-02
6.930471098627873083e-02
3.416860635118692535e-01
2.031189187100969906e-01
9.494482637596103614e-02
7.200244071264677278e-04
7.307412708844304543e-03
4.379890756110873529e-01
4.498743860536481565e-01
1.374554007744900330e-01
7.189540616510157189e-01
7.076578013675738354e-01
3.895651385156327917e-01
4.278793601261723922e-01
3.762638485798005528e-01
6.992065208864369774e-01
7.701548939215384637e-01
4.078005747740027775e-01
7.332767872101303430e-01
7.298989705543283968e-01
7.450938167099352416e-01
2.024330846847796073e-01
1.182857274745154627e-03
1.017610446957556078e-02
7.192668966773009265e-01
6.392517217550802711e-02
3.756668553343858741e-01
3.266150955000936551e-01
7.551822039861318947e-01
6.696041909508335666e-01
7.279670382877941881e-01
2.429581843520000894e-01
3.484752609810000124e-01
2.567721412248253898e-01
6.158904208205696618e-01
1.298164661579999657e-01
7.932694266749998890e-01
5.473583890210000913e-01
4.406512318050832544e-01
1.953456744267080547e-01
4.181208996609738215e-01
1.758164962248525698e-01
5.194843925435164156e-01
6.092828641588791116e-01
2.062720519991586010e-01
2.610451536171275455e-01
5.715116345775440587e-01
1.340087743836417267e-01
4.197875888947126266e-01
3.439007687973442695e-01
5.488629680450001214e-01
