3.705010454312847035e-01
4.300030385859708315e-01
5.285315638646057579e-01
2.571446226962952331e-01
4.084174597609533941e-01
5.765079233906101885e-01
3.086018152242918089e-01
5.375966257475689458e-01
5.452491841964166586e-01
3.725761243093290154e-01
3.034511521674134182e-01
7.538646991330874014e-01
3.072059102916386286e-01
8.176067043010466495e-01
3.819283675007241197e-01
3.691777085685557513e-01
4.265814015265447789e-01
3.817111425285569792e-01
5.034895653102051671e-01
6.168188177630776758e-01
5.318527956909999688e-01
2.770640628650467563e-01
4.281942227901384124e-01
6.325247789748442706e-01
4.092961170127841775e-01
5.510645580001093391e-01
2.664327629027884448e-01
2.803742341090762480e-01
4.547414861170975264e-01
2.366412001337510340e-01
6.039015544357992926e-01
5.462393049839998627e-01
4.399025670599999160e-01
5.060800951009999382e-01
9.058729484079998118e-01
4.039380714099998770e-01
8.615809572944024275e-01
4.421160654659724298e-01
2.132039690280102262e-01
2.337409681337414002e-01
7.835005160732733120e-01
3.392735186100417355e-01
1.670790387067188909e-01
4.909880832624134994e-01
1.117666810628565599e-01
3.386573102855734985e-01
3.512133517219625523e-01
3.342413563520129638e-01
3.093310614624936727e-01
1.528365364501974022e-01
5.095263013474137237e-01
6.237112035954700540e-01
7.825996010039998341e-01
7.594687563730780910e-01
3.469220319703406608e-01
4.207632423502853936e-01
5.396759974497031820e-01
3.812314016394809102e-02
6.930471098627873083e-02
2.361455044594156644e-02
6.063867183587987042e-02
3.416860635118692535e-01
2.031189187100969906e-01
3.637491782400000262e-01
9.494482637596103614e-02
7.200244071264677278e-04
7.307412708844304543e-03
1.672529306148704334e-02
3.532341653839921741e-02
4.379890756110873529e-01
5.398057423927637988e-01
2.545307153409014922e-01
1.882924881040231035e-01
4.498743860536481565e-01
7.047361772176927719e-01
3.671000890871730094e-01
8.112887357200589955e-01
1.374554007744900330e-01
6.317616135228272256e-01
5.965866733156377499e-01
4.513971426308732715e-01
4.936215716417687860e-01
3.898519304172261002e-01
5.060700697859442654e-01
7.189540616510157189e-01
7.076578013675738354e-01
3.859700917544666710e-01
9.085205555039997938e-01
3.895651385156327917e-01
2.247922134055443943e-01
4.278793601261723922e-01
3.544506242286145636e-01
3.762638485798005528e-01
1.021437039984565420e-01
5.269132531126028418e-01
6.992065208864369774e-01
7.020609086860000181e-01
3.667070509761635733e-01
7.701548939215384637e-01
3.229708474260001294e-01
4.078005747740027775e-01
6.253790820596868416e-01
7.332767872101303430e-01
7.294606614315911619e-01
5.606640374444735730e-01
4.930142563439999237e-01
7.450938167099352416e-01
1.252705977455239594e-01
7.130348503409739136e-01
2.024330846847796073e-01
1.182857274745154627e-03
1.017610446957556078e-02
1.788002380268646774e-02
3.762617886334113787e-02
6.995043527735447242e-01
2.100825464025762035e-01
6.636366242890000544e-01
4.197021184602037214e-01
2.627496969233684698e-01
7.192668966773009265e-01
5.355392135084534599e-01
6.392517217550802711e-02
3.756668553343858741e-01
4.113618966274492639e-01
3.266150955000936551e-01
4.179991798686667481e-01
3.537977595089071281e-01
7.551822039861318947e-01
4.219323665749999397e-01
6.696041909508335666e-01
6.615529716954864359e-01
3.597223663990395948e-01
7.279670382877941881e-01
2.661570682910000540e-01
2.429581843520000894e-01
7.091296340729998926e-01
3.484752609810000124e-01
2.567721412248253898e-01
5.485507594047643876e-01
5.019354831524603933e-01
6.158904208205696618e-01
1.298164661579999657e-01
7.932694266749998890e-01
5.473583890210000913e-01
4.406512318050832544e-01
4.241257982687291483e-01
1.953456744267080547e-01
1.799842303487460549e-01
4.181208996609738215e-01
3.140214012506038488e-01
1.758164962248525698e-01
5.194843925435164156e-01
1.643003884791313096e-01
6.092828641588791116e-01
3.168164024230314957e-01
2.062720519991586010e-01
7.972031243877462092e-01
2.246101497014782178e-01
2.400272722316996732e-01
4.771042746234630538e-01
2.610451536171275455e-01
5.864258811302750507e-01
5.715116345775440587e-01
2.022311163139128842e-01
2.073811672701176001e-01
1.340087743836417267e-01
5.967704819230790214e-01
4.197875888947126266e-01
7.582590177555781352e-02
3.439007687973442695e-01
4.880667480349999976e-01
5.488629680450001214e-01
