4.300030385859708315e-01
5.285315638646057579e-01
5.375966257475689458e-01
3.817111425285569792e-01
5.034895653102051671e-01
5.318527956909999688e-01
2.770640628650467563e-01
2.664327629027884448e-01
8.615809572944024275e-01
7.835005160732733120e-01
3.386573102855734985e-01
3.342413563520129638e-01
6.237112035954700540e-01
5.396759974497031820e-01
3.812314016394809102e-02
3.416860635118692535e-01
7.200244071264677278e-04
4.379890756110873529e-01
4.498743860536481565e-01
1.374554007744900330e-01
7.189540616510157189e-01
3.762638485798005528e-01
6.992065208864369774e-01
7.450938167099352416e-01
2.024330846847796073e-01
1.182857274745154627e-03
3.266150955000936551e-01
6.696041909508335666e-01
7.279670382877941881e-01
2.567721412248253898e-01
6.158904208205696618e-01
4.406512318050832544e-01
1.953456744267080547e-01
4.181208996609738215e-01
5.194843925435164156e-01
2.062720519991586010e-01
2.610451536171275455e-01
1.340087743836417267e-01
4.197875888947126266e-01
