3.752949325279999915e+00 8.343289567570000287e-01 6.039922664689999499e-01 5.000000000000000000e+00
1.911278838990000040e+01 4.166010236809999934e-01 3.388197216230000031e-01 5.000000000000000000e+00
6.957787640580000321e+00 5.182192719979999973e-01 8.680555686730000442e-01 1.000000000000000000e+00
6.697897312880000342e+00 6.295282021120000016e-01 1.263549051600000028e-01 2.000000000000000000e+00
4.952550141300000064e+01 8.803543043789999745e-01 3.052710497250000210e-01 2.000000000000000000e+00
2.005109413870000168e+01 4.239492552770000033e-01 3.920524005370000231e-01 1.000000000000000000e+00
5.841726722009999762e+00 6.426138541010000260e-01 2.917501279560000271e-01 1.000000000000000000e+00
3.007530482849999842e+01 5.128532685640000421e-01 3.055987239610000183e-01 2.000000000000000000e+00
5.599880934339999783e+00 3.817111425279999803e-01 2.062284054569999969e-01 2.000000000000000000e+00
5.751780980040000379e+00 4.714284409160000022e-01 5.723926005880000112e-01 1.000000000000000000e+00
1.662055420709999964e+01 5.318527956909999688e-01 8.672755870739999595e-02 2.000000000000000000e+00
7.439248255779999930e+00 4.762549033130000220e-01 4.854521917460000169e-01 1.000000000000000000e+00
3.762255311450000050e+01 3.926153934189999806e-01 5.389895965400000044e-01 3.000000000000000000e+00
6.272422788170000096e+00 3.041573997359999781e-01 6.109637144630000183e-01 1.000000000000000000e+00
4.031930922690000330e+01 2.137772892010000036e-01 4.327670627479999754e-01 2.000000000000000000e+00
6.109837062110000439e+00 7.822990115260000099e-01 7.267800242050000137e-02 5.000000000000000000e+00
6.216463202539999955e+00 9.072752021459999927e-01 8.654210938249999874e-01 2.000000000000000000e+00
3.867840355130000063e+01 9.058729484080000338e-01 4.098964318769999782e-01 2.000000000000000000e+00
3.355614695949999771e+01 4.039380714099999881e-01 3.499713194799999871e-01 4.000000000000000000e+00
6.941236526189999978e+00 9.149859182789999990e-01 3.032192173209999897e-01 1.000000000000000000e+00
6.314944333619999739e+00 7.178339181170000360e-01 7.472740841020000246e-01 1.000000000000000000e+00
5.800478944930000047e+00 3.715786376640000110e-01 3.045298902860000267e-01 5.000000000000000000e+00
6.274220648520000054e+00 3.571742397259999868e-01 3.535470405400000238e-01 4.000000000000000000e+00
2.261261415559999932e+01 2.795454042589999855e-01 5.845569723069999890e-01 3.000000000000000000e+00
5.979312342050000062e+00 6.968902057200000444e-01 7.202453836300000134e-01 3.000000000000000000e+00
4.821512223029999689e+01 7.825996010039999451e-01 8.789595258120000421e-02 1.000000000000000000e+00
5.904203026380000274e+00 5.825295413529999466e-01 3.363005281720000128e-01 5.000000000000000000e+00
1.291054997420000028e+01 4.604652879539999910e-02 1.617255608270000075e-02 1.000000000000000000e+00
3.181875041329999831e+01 7.551304456830000567e-02 6.786225896620000364e-03 2.000000000000000000e+00
5.394457520989999644e+00 4.052976086990000004e-01 2.957397909280000126e-01 2.000000000000000000e+00
3.112124240829999877e+01 1.546922814170000049e-01 1.304647069619999933e-01 3.000000000000000000e+00
3.376046436949999929e+01 9.494482637590000162e-02 3.943442019719999858e-01 4.000000000000000000e+00
1.318795297970000036e+01 1.425339591490000068e-03 5.827457502759999727e-03 1.000000000000000000e+00
3.213619402900000210e+01 7.577704283900000073e-03 4.283296722459999616e-03 2.000000000000000000e+00
6.667001338160000401e+00 5.240416605940000361e-01 3.704782183129999851e-01 4.000000000000000000e+00
6.800527772649999747e+00 3.560937799930000147e-01 8.082602688069999708e-01 3.000000000000000000e+00
6.257864575290000175e+00 1.622272286139999839e-02 7.899307101739999615e-01 1.000000000000000000e+00
6.031134352329999615e+00 6.492188881310000381e-01 3.496940187850000048e-01 4.000000000000000000e+00
3.381048872680000272e+01 7.652058683019999918e-01 3.846474985139999858e-01 2.000000000000000000e+00
2.310237079890000089e+01 3.584680304489999969e-01 5.594194803140000172e-01 2.000000000000000000e+00
2.250231443090000027e+01 2.932036030840000085e-01 2.819108088860000083e-01 1.000000000000000000e+00
6.157052907689999799e+00 3.821923215560000253e-01 4.403279005010000136e-01 2.000000000000000000e+00
5.853887253619999953e+00 4.995247753670000179e-01 1.311589522960000087e+00 5.000000000000000000e+00
3.140454132180000002e+01 7.105845547510000193e-01 4.562123777309999850e-01 5.000000000000000000e+00
2.225172640799999968e+01 4.078005747740000020e-01 2.436481429400000065e-01 5.000000000000000000e+00
4.575650536759999909e+01 8.818170694110000207e-01 2.416123679280000047e-01 4.000000000000000000e+00
3.709115861589999952e+01 7.736373046550000243e-01 2.868564995289999975e-01 1.000000000000000000e+00
6.230658619009999732e+00 7.766034289390000289e-01 1.994964161530000113e-01 1.000000000000000000e+00
5.963180441959999634e+00 2.566298838009999916e-01 5.470437976369999511e-01 4.000000000000000000e+00
1.318756278470000076e+01 1.018650466419999913e-03 1.204730982740000005e-02 1.000000000000000000e+00
3.211070208919999658e+01 1.041019602399999994e-02 1.225516105139999937e-02 2.000000000000000000e+00
3.922290134020000352e+01 8.519144883600000551e-01 5.243235499980000158e-01 3.000000000000000000e+00
4.623487773029999914e+01 6.392517217559999521e-02 2.134881519290000029e-01 2.000000000000000000e+00
4.714976109399999871e+01 6.015104437589999797e-01 3.493302995470000116e-01 4.000000000000000000e+00
6.408614746549999630e+00 4.474306403070000271e-01 4.540224156550000112e-01 2.000000000000000000e+00
2.459426833479999885e+01 9.425285317189999734e-01 4.862508340589999922e-01 5.000000000000000000e+00
1.926352592810000175e+01 6.216923225499999539e-01 6.511746856740000533e-01 1.000000000000000000e+00
5.822235960749999606e+00 7.613303069319999894e-01 6.070557655449999590e-01 4.000000000000000000e+00
4.544383748460000305e+01 2.429581843520000062e-01 1.144285764369999958e-01 1.000000000000000000e+00
4.247100306429999961e+01 3.484752609810000124e-01 1.929096286529999871e-01 1.000000000000000000e+00
1.449171180049999919e+01 2.852525173450000118e-01 7.089352977199999684e-01 2.000000000000000000e+00
1.625809666410000176e+01 3.877901554279999941e-01 1.343440936269999941e+00 2.000000000000000000e+00
4.850674507050000273e+01 1.298164661579999934e-01 2.266810858080000046e-01 1.000000000000000000e+00
2.883058387599999861e+01 7.932694266750000001e-01 5.457266037819999971e-01 2.000000000000000000e+00
3.003273652300000052e+01 5.473583890209999803e-01 5.545241706969999962e-01 3.000000000000000000e+00
7.102955302619999856e+00 4.971660994759999896e-01 8.322003676239999592e-01 1.000000000000000000e+00
1.240876270759999933e+01 2.061029307989999948e-01 5.008427366140000281e-02 1.000000000000000000e+00
1.295672013769999964e+01 5.656320909950000031e-01 1.796203242849999937e-01 1.000000000000000000e+00
2.121754564380000119e+01 1.758164962250000074e-01 3.556593170410000115e-01 5.000000000000000000e+00
5.724137763239999899e+00 5.419699528500000474e-01 2.626550846940000072e-01 1.000000000000000000e+00
2.752729329039999939e+01 9.129231560489999842e-01 1.180052344189999936e+00 1.000000000000000000e+00
6.428455610160000333e+00 8.091645513409999324e-02 1.679316239760000051e-01 1.000000000000000000e+00
5.667726917369999562e+00 5.647728569929999498e-01 6.232713953920000494e-01 1.000000000000000000e+00
2.494947907990000147e+01 6.031674592160000126e-01 2.836384171610000227e-01 1.000000000000000000e+00
1.439439887980000066e+01 8.383502070350000446e-02 7.750875157309999874e-01 5.000000000000000000e+00
6.052794768850000118e+00 2.807344037549999727e-01 8.284053122750000275e-01 5.000000000000000000e+00
2.706598972939999825e+01 3.213461599579999772e-01 3.505346229419999959e-01 5.000000000000000000e+00
3.344081692569999831e+01 5.488629680450000103e-01 4.372655474270000231e-01 1.000000000000000000e+00
