8.343289567570000287e-01
4.166010236809999934e-01
4.503454452599999769e-01
4.435971788790000203e-01
4.376538200199999729e-01
4.327505693229999895e-01
4.291393165869999970e-01
4.269840687270000101e-01
4.263439659009999882e-01
4.272587792940000240e-01
4.296479166280000039e-01
4.333532491379999962e-01
4.381897939180000034e-01
4.438702770369999939e-01
4.500921990289999952e-01
4.565567605729999867e-01
4.628985978779999733e-01
4.688067546349999892e-01
4.740084148250000018e-01
4.782020159440000251e-01
4.811827700649999873e-01
4.828149770599999835e-01
4.829657201820000134e-01
4.816046381849999891e-01
4.787922557900000098e-01
4.746021907360000180e-01
4.691891284029999776e-01
4.627973577100000235e-01
4.556739129069999894e-01
4.481053857360000059e-01
4.404423205799999907e-01
4.330099051970000001e-01
4.261253835350000130e-01
4.201216590169999932e-01
4.152634342309999838e-01
4.117613684159999732e-01
4.097840490940000135e-01
4.093921463190000054e-01
4.105755787879999952e-01
4.132435504279999838e-01
4.172060584799999750e-01
4.222359552619999734e-01
4.280353360590000156e-01
4.342594204019999959e-01
4.405928335409999841e-01
4.466748293469999798e-01
4.521650697979999745e-01
4.568035146389999857e-01
4.603119407310000133e-01
4.624905672899999876e-01
4.632277463819999830e-01
4.624373674730000161e-01
4.601283686109999826e-01
4.563855723729999814e-01
4.513392420099999747e-01
4.452057141860000233e-01
4.382390026929999793e-01
4.307356113620000038e-01
4.230432565949999724e-01
4.154994798120000277e-01
4.084519403890000122e-01
4.022497961570000169e-01
3.971761475860000057e-01
3.934742068489999745e-01
3.913324984839999798e-01
3.908227906899999771e-01
3.919437516479999939e-01
3.946175435839999746e-01
3.986457945010000170e-01
4.037771489929999902e-01
4.097242353880000132e-01
4.161242241140000186e-01
4.226123725270000131e-01
4.288581282360000024e-01
4.345032909780000008e-01
4.392280397989999918e-01
4.428158468699999739e-01
4.450450976670000114e-01
4.457699892090000171e-01
4.449709154820000179e-01
4.426385872479999817e-01
4.388610711700000055e-01
4.338242515499999841e-01
4.277255088929999838e-01
4.208657997199999889e-01
4.135659634639999860e-01
4.061549449960000224e-01
3.990318337220000178e-01
3.925404763340000214e-01
3.869994593419999740e-01
3.827331971590000048e-01
3.799551699879999966e-01
3.787929140979999776e-01
3.793300114789999733e-01
3.815159714460000240e-01
3.851906373899999791e-01
3.901574085050000251e-01
3.961314162060000088e-01
4.027496702869999834e-01
4.096710093839999733e-01
4.165364994040000046e-01
5.182192719979999973e-01
5.427966620120000529e-01
5.414141132499999953e-01
3.531184387419999959e-01
6.148415685789999641e-01
6.181167634899999985e-01
4.927486177559999847e-01
5.370530076659999485e-01
4.825717858470000010e-01
6.931689258850000090e-01
5.779046374709999601e-01
4.200195084550000235e-01
5.505875418050000247e-01
6.154791176099999594e-01
5.505419105200000107e-01
4.600401755710000207e-01
4.230741197269999865e-01
4.162739517330000250e-01
5.629361735319999838e-01
6.170148369229999652e-01
4.907046486200000168e-01
4.645014970849999925e-01
5.208288670030000178e-01
6.333471909569999836e-01
5.490578689039999905e-01
5.615832054339999768e-01
5.389062609870000076e-01
5.603265942880000239e-01
5.384394474170000056e-01
6.456249564289999743e-01
4.959870415279999945e-01
5.483645769389999813e-01
5.012616622800000199e-01
4.702899713909999835e-01
5.036092567330000547e-01
6.061071339929999802e-01
5.808776932189999576e-01
5.324250148960000262e-01
4.934353536800000217e-01
5.021891157119999782e-01
4.262361740969999868e-01
6.079376618859999581e-01
5.805184207910000227e-01
5.842677678419999632e-01
3.944769680290000080e-01
5.173202985329999892e-01
6.231659457729999962e-01
5.423758176409999576e-01
5.664402801750000327e-01
5.495712036659999855e-01
3.855980016100000185e-01
5.205318065730000221e-01
5.430992336629999473e-01
6.181165469370000221e-01
5.327190116340000392e-01
4.963128269970000228e-01
4.094364422769999901e-01
4.646257481409999945e-01
5.274901301100000106e-01
6.127340597360000363e-01
5.598201812580000380e-01
4.379032273440000012e-01
3.971904930469999928e-01
3.803802637409999798e-01
4.366020645559999802e-01
6.345654951620000039e-01
5.254780764140000171e-01
4.979036645980000064e-01
4.052551275149999799e-01
4.746231938900000169e-01
4.893665444759999761e-01
6.359281459450000229e-01
6.115375892879999498e-01
6.047200656279999587e-01
5.649182493050000087e-01
5.038416832840000303e-01
5.156133278969999845e-01
5.544570904769999808e-01
5.099044721430000537e-01
6.233530239679999641e-01
5.984423792819999477e-01
5.714210400779999866e-01
5.406697059210000544e-01
5.451375279939999485e-01
5.426988599209999764e-01
6.344770665590000469e-01
5.805151900449999625e-01
6.139630578539999606e-01
4.787742774520000189e-01
5.368631005449999716e-01
4.915393003629999757e-01
6.255931625859999512e-01
5.516297958679999835e-01
5.873813723549999866e-01
4.576089673340000274e-01
3.543581786710000014e-01
4.045191916359999751e-01
4.998972167779999753e-01
6.026187438619999837e-01
5.235828125939999689e-01
6.295282021120000016e-01
5.105393831750000277e-01
6.087611661930000251e-01
4.915708667009999755e-01
5.261704443850000468e-01
5.194508133030000252e-01
4.234535673870000183e-01
5.117948779250000024e-01
4.413016346429999848e-01
4.176910041710000243e-01
5.131215190510000079e-01
4.323247827560000034e-01
4.832507680049999976e-01
5.446761078059999539e-01
4.679628988030000158e-01
5.990818652520000231e-01
5.221468892220000324e-01
5.978695615789999529e-01
5.901198169079999722e-01
5.835503438489999528e-01
6.395587635299999629e-01
5.700044012310000463e-01
6.659589181639999911e-01
5.569125027919999971e-01
6.704990035210000032e-01
5.445265283039999460e-01
6.501306134480000498e-01
5.393279745200000308e-01
5.960215203399999995e-01
5.509316760389999512e-01
5.078839646909999450e-01
5.645475502419999847e-01
4.382448401999999854e-01
5.111938805400000341e-01
4.717501838009999782e-01
4.058634508449999734e-01
5.036314092320000046e-01
4.405211904840000137e-01
4.405781971339999825e-01
5.402737423900000335e-01
4.535285750129999793e-01
5.513392750219999749e-01
5.478655099129999817e-01
5.315024945109999566e-01
6.246802490339999903e-01
5.325827931819999694e-01
6.603109053469999878e-01
5.495387574660000052e-01
6.656600750479999551e-01
5.694590064950000308e-01
6.495209384169999822e-01
5.874835458089999740e-01
6.136210101119999871e-01
6.034861151100000543e-01
5.585822876420000194e-01
6.130360210290000111e-01
4.975159530909999961e-01
5.917404839000000027e-01
4.732265127970000096e-01
5.034086126260000071e-01
5.096160778810000513e-01
4.072590126530000187e-01
4.951094603200000277e-01
4.556148759179999841e-01
4.117012697529999765e-01
5.231197648280000445e-01
4.560153306149999919e-01
4.946924014890000110e-01
5.651901403100000332e-01
4.860955416159999931e-01
6.182010077209999510e-01
5.292251044550000394e-01
6.225799494610000373e-01
5.834030862839999498e-01
6.091030828540000552e-01
6.256538323470000051e-01
5.890515348849999500e-01
6.513103860250000210e-01
5.639560125729999873e-01
6.593927592460000486e-01
5.366353121560000217e-01
6.432485086520000062e-01
5.188669299289999648e-01
5.876583968740000108e-01
5.287322514109999982e-01
4.899542878709999827e-01
5.473253331559999602e-01
4.237593218219999902e-01
4.872157886199999788e-01
4.774076446419999731e-01
3.977844483519999974e-01
5.012276726850000141e-01
4.648616643460000142e-01
4.469585596139999950e-01
5.600184729649999582e-01
4.727298867449999942e-01
5.718979101869999804e-01
5.579239497429999695e-01
5.555326395199999823e-01
6.278861336590000342e-01
6.426138541010000260e-01
3.817111425279999803e-01
3.817111425290000137e-01
3.817111425290000137e-01
3.817111425290000137e-01
3.817111425290000137e-01
3.817111425290000137e-01
3.817111425290000137e-01
3.817111425290000137e-01
3.817111425290000137e-01
3.817111425290000137e-01
3.817111425290000137e-01
3.817111425290000137e-01
3.817111425290000137e-01
3.817111425290000137e-01
3.817111425290000137e-01
3.817111425290000137e-01
3.817111425290000137e-01
3.817111425290000137e-01
3.817111425290000137e-01
3.817111425290000137e-01
3.817111425290000137e-01
3.817111425279999803e-01
3.817111425279999803e-01
3.817111425279999803e-01
3.817111425279999803e-01
3.817111425279999803e-01
3.817111425279999803e-01
3.817111425290000137e-01
3.817111425279999803e-01
3.817111425279999803e-01
3.817111425279999803e-01
3.817111425279999803e-01
3.817111425279999803e-01
3.817111425279999803e-01
3.817111425279999803e-01
3.817111425279999803e-01
3.817111425279999803e-01
3.817111425279999803e-01
3.817111425290000137e-01
3.817111425290000137e-01
3.817111425279999803e-01
3.817111425290000137e-01
3.817111425290000137e-01
3.817111425290000137e-01
3.817111425290000137e-01
3.817111425290000137e-01
3.817111425290000137e-01
3.817111425290000137e-01
3.817111425290000137e-01
3.817111425290000137e-01
3.817111425290000137e-01
3.817111425290000137e-01
3.817111425290000137e-01
3.817111425290000137e-01
3.817111425290000137e-01
3.817111425290000137e-01
3.817111425290000137e-01
3.817111425290000137e-01
3.817111425290000137e-01
3.817111425290000137e-01
3.817111425290000137e-01
3.817111425290000137e-01
3.817111425290000137e-01
3.817111425290000137e-01
3.817111425290000137e-01
3.817111425290000137e-01
3.817111425290000137e-01
3.817111425290000137e-01
3.817111425290000137e-01
3.817111425290000137e-01
3.817111425290000137e-01
3.817111425279999803e-01
3.817111425279999803e-01
3.817111425279999803e-01
3.817111425279999803e-01
3.817111425290000137e-01
3.817111425279999803e-01
3.817111425279999803e-01
3.817111425279999803e-01
3.817111425279999803e-01
3.817111425279999803e-01
3.817111425279999803e-01
3.817111425279999803e-01
3.817111425279999803e-01
3.817111425279999803e-01
3.817111425279999803e-01
3.817111425279999803e-01
3.817111425279999803e-01
3.817111425279999803e-01
3.817111425279999803e-01
3.817111425279999803e-01
3.817111425279999803e-01
3.817111425279999803e-01
3.817111425279999803e-01
3.817111425279999803e-01
3.817111425279999803e-01
3.817111425279999803e-01
3.817111425279999803e-01
3.817111425279999803e-01
3.817111425279999803e-01
4.714284409160000022e-01
5.390212149769999517e-01
3.806164272870000143e-01
5.386249150299999844e-01
3.754517332619999870e-01
5.093253232669999742e-01
4.045316417479999926e-01
4.672128231930000042e-01
4.554863456859999937e-01
4.243054504459999876e-01
5.152962357450000530e-01
3.947833525650000230e-01
5.595741024910000361e-01
4.047623401439999768e-01
5.558976482190000068e-01
4.763310358699999747e-01
4.990291239340000073e-01
5.785442642210000264e-01
4.485052150380000047e-01
6.187081613070000152e-01
4.943542117429999827e-01
5.491986881999999515e-01
6.085911623990000185e-01
4.744406118899999747e-01
6.377950171589999995e-01
5.273859067339999873e-01
5.399646633200000378e-01
6.320891599979999720e-01
4.738107339809999874e-01
6.193269634139999535e-01
5.401403108310000034e-01
5.063467410549999936e-01
6.183737681609999814e-01
4.499799273969999902e-01
5.882146913579999747e-01
4.969449837659999925e-01
4.858331164870000052e-01
5.577754863089999793e-01
4.099658270359999857e-01
5.640821075969999487e-01
3.985485271850000011e-01
5.180500253490000206e-01
4.287040155019999910e-01
4.548846755409999831e-01
4.711202448660000153e-01
4.019040785469999988e-01
5.104594370580000096e-01
3.726316981989999944e-01
5.361991359419999714e-01
3.777254216209999793e-01
5.350865225209999743e-01
4.271392148879999962e-01
4.990211383609999829e-01
5.139290154829999624e-01
4.464171364280000165e-01
5.913220209799999738e-01
4.366580592609999867e-01
5.896908711739999864e-01
5.185401707729999643e-01
5.098677548519999769e-01
6.230683118900000039e-01
4.684476301209999916e-01
6.174662930990000298e-01
5.529120295360000492e-01
5.140376604540000116e-01
6.450877315490000097e-01
4.830047619460000052e-01
5.997054654740000545e-01
5.752727711570000402e-01
4.876415943540000075e-01
6.341073079590000550e-01
4.722341137309999937e-01
5.660331652279999570e-01
5.479644909540000164e-01
4.587623473199999857e-01
5.928903182750000500e-01
4.200087885350000105e-01
5.544704586769999555e-01
4.512252211980000149e-01
4.727353554779999967e-01
4.976403744949999819e-01
4.021315841740000230e-01
5.259595256429999699e-01
3.670541484509999841e-01
5.294170085510000456e-01
3.703821493350000216e-01
5.115185606390000306e-01
4.086162393860000019e-01
4.765967272819999767e-01
4.744165177640000119e-01
4.335085976149999909e-01
5.466943459149999907e-01
4.086398833170000189e-01
5.819173040389999940e-01
4.453784212179999757e-01
5.448705654480000549e-01
5.472511806380000454e-01
4.721895398600000071e-01
6.262700283900000109e-01
4.723927462320000048e-01
5.318527956909999688e-01
5.318527956909999688e-01
5.318527956909999688e-01
5.318527956909999688e-01
5.318527956909999688e-01
5.318527956909999688e-01
5.318527956909999688e-01
5.318527956909999688e-01
5.318527956909999688e-01
5.318527956909999688e-01
5.318527956909999688e-01
5.318527956909999688e-01
5.318527956909999688e-01
5.318527956909999688e-01
5.318527956909999688e-01
5.318527956909999688e-01
5.318527956909999688e-01
5.318527956909999688e-01
5.318527956909999688e-01
5.318527956909999688e-01
5.318527956909999688e-01
5.318527956909999688e-01
5.318527956909999688e-01
5.318527956909999688e-01
5.318527956909999688e-01
5.318527956909999688e-01
5.318527956909999688e-01
5.318527956909999688e-01
5.318527956909999688e-01
5.318527956909999688e-01
5.318527956909999688e-01
5.318527956909999688e-01
5.318527956909999688e-01
5.318527956909999688e-01
5.318527956909999688e-01
5.318527956909999688e-01
5.318527956909999688e-01
5.318527956909999688e-01
5.318527956909999688e-01
5.318527956909999688e-01
5.318527956909999688e-01
5.318527956909999688e-01
5.318527956909999688e-01
5.318527956909999688e-01
5.318527956909999688e-01
5.318527956909999688e-01
5.318527956909999688e-01
5.318527956909999688e-01
5.318527956909999688e-01
5.318527956909999688e-01
5.318527956909999688e-01
5.318527956909999688e-01
5.318527956909999688e-01
5.318527956909999688e-01
5.318527956909999688e-01
5.318527956909999688e-01
5.318527956909999688e-01
5.318527956909999688e-01
5.318527956909999688e-01
5.318527956909999688e-01
5.318527956909999688e-01
5.318527956909999688e-01
5.318527956909999688e-01
5.318527956909999688e-01
5.318527956909999688e-01
5.318527956909999688e-01
5.318527956909999688e-01
5.318527956909999688e-01
5.318527956909999688e-01
5.318527956909999688e-01
5.318527956909999688e-01
5.318527956909999688e-01
5.318527956909999688e-01
5.318527956909999688e-01
5.318527956909999688e-01
5.318527956909999688e-01
5.318527956909999688e-01
5.318527956909999688e-01
5.318527956909999688e-01
5.318527956909999688e-01
5.318527956909999688e-01
5.318527956909999688e-01
5.318527956909999688e-01
5.318527956909999688e-01
5.318527956909999688e-01
5.318527956909999688e-01
5.318527956909999688e-01
5.318527956909999688e-01
5.318527956909999688e-01
5.318527956909999688e-01
5.318527956909999688e-01
5.318527956909999688e-01
5.318527956909999688e-01
5.318527956909999688e-01
5.318527956909999688e-01
5.318527956909999688e-01
5.318527956909999688e-01
5.318527956909999688e-01
5.318527956909999688e-01
5.318527956909999688e-01
4.762549033130000220e-01
8.305787584420000480e-02
9.810221451999999454e-02
1.149746693840000000e-01
7.962286928539999420e-02
1.797234775340000035e-01
1.759290916129999938e-01
1.334689804349999953e-01
1.047954963900000064e-01
1.370938933860000042e-01
1.475945924969999934e-01
1.983866205189999954e-01
7.436973999630000498e-02
2.746807615749999876e-01
1.599517843169999953e-01
1.653601818419999925e-01
1.869693145080000007e-01
6.368788922899999705e-02
7.023241784450000302e-02
1.435394093350000067e-01
2.358877396649999847e-02
1.350098106959999877e-01
2.623987312750000189e-01
2.371989498100000038e-01
1.895186242420000000e-01
2.117028788770000114e-01
4.097333296560000115e-01
2.395231580390000115e-01
2.253552332300000072e-01
1.046526549350000057e-01
3.231856196999999820e-01
2.512941964750000090e-01
1.738357655389999867e-01
1.590332641580000095e-01
2.525411019089999765e-01
2.247061813450000056e-01
8.777205785880000388e-02
8.502316087219999319e-02
1.245753449650000011e-01
8.923470388439999623e-02
2.838504740419999783e-01
1.776610053019999913e-01
3.780377275919999946e-01
2.242713333470000014e-01
1.926567609829999972e-01
3.263927971159999997e-01
3.371725131180000057e-01
1.126743454069999983e-01
2.555889683440000226e-01
4.189615153499999800e-01
3.543486258540000100e-01
4.591662266509999868e-01
3.126869077750000225e-01
2.464316762440000030e-01
2.489029675920000073e-01
3.745099375900000083e-01
5.556988609940000101e-01
3.805884150180000036e-01
2.519098400659999792e-01
3.246251728069999842e-01
3.168620255680000275e-01
3.931467628970000128e-01
4.439650681369999852e-01
3.919597805669999824e-01
4.420246690990000116e-01
6.366818234190000370e-01
4.321368508849999790e-01
3.883605213160000180e-01
4.373780112760000116e-01
4.047878912699999776e-01
2.723895817920000129e-01
4.305789009089999730e-01
2.970202741390000067e-01
5.565508346040000109e-01
2.924705005800000146e-01
3.025756649760000250e-01
5.189109431749999723e-01
3.291444284380000140e-01
2.341505295359999905e-01
2.216026916480000053e-01
3.026435308050000050e-01
5.996648489060000253e-01
2.841242505250000105e-01
2.403597060550000108e-01
3.549487793630000110e-01
5.552791725479999663e-01
2.816997945329999808e-01
3.657082388980000265e-01
3.585798068759999957e-01
3.717647743020000006e-01
3.124454467409999991e-01
6.166664870439999557e-01
2.825076021549999816e-01
2.994383692540000252e-01
5.983709188589999561e-01
4.318322401410000233e-01
2.975371291789999928e-01
5.542142518570000176e-01
3.459096139599999731e-01
3.843211008260000172e-01
3.041573997359999781e-01
2.372933080150000096e-01
2.285647245619999990e-01
3.375875576119999888e-01
4.205637505820000177e-01
2.780194961929999820e-01
2.067916308259999947e-01
9.492748903740000355e-02
6.584548543210000382e-02
1.644237355959999869e-01
1.477692383620000105e-01
2.071866033860000067e-01
2.803445406410000063e-01
5.728567568699999973e-02
2.017220455910000154e-02
5.375481387400000283e-02
7.509347455890000300e-02
1.433650468909999920e-01
8.456609326790000269e-02
1.393014171189999872e-01
2.330480783459999983e-01
3.651012996749999906e-01
2.891301971629999801e-01
3.567629541999999820e-01
2.882966564500000217e-01
3.475738257079999949e-01
1.568088252510000113e-01
1.261336992250000066e-01
1.123156233420000011e-01
1.958550822239999989e-01
1.225212834169999987e-01
1.402513678519999862e-01
1.332761118680000079e-01
2.515152716399999822e-01
4.053496260269999762e-01
4.959678833530000164e-01
4.953650567569999885e-01
5.049204940039999645e-01
2.881881250669999783e-01
1.824723902120000130e-01
1.520439520890000118e-01
9.741569644320000054e-02
1.398719544760000100e-01
2.262279704919999967e-01
1.900682566959999986e-01
1.557453918370000079e-01
1.513605964749999977e-01
1.406852350860000045e-01
1.457688819859999929e-01
2.260731298449999982e-01
3.864134409400000192e-01
4.050084288510000241e-01
5.763295371229999464e-01
6.238153679060000067e-01
5.252567375409999961e-01
4.838954664599999789e-01
3.291848715749999821e-01
2.889973053830000027e-01
3.986896937009999919e-01
5.432192970489999606e-01
4.775373855280000135e-01
4.335464497439999731e-01
4.224591582739999907e-01
3.291386883090000048e-01
3.794737071770000192e-01
2.097462166100000081e-01
1.948082143129999944e-01
2.577325351170000056e-01
3.020212438939999799e-01
3.644892082780000209e-01
2.490973534239999954e-01
1.820648987959999909e-01
3.061805695950000072e-01
3.651770366389999745e-01
5.378478530039999539e-01
4.015417475040000128e-01
3.052786945159999821e-01
3.473871727200000259e-01
1.915159606600000120e-01
1.911455286879999993e-01
2.902189035150000151e-01
2.833718587999999872e-01
3.080452739360000081e-01
2.677788587709999946e-01
2.440898006190000136e-01
2.630133857709999745e-01
3.717380783199999983e-01
2.431937249810000035e-01
2.447945356519999893e-01
2.485614556869999991e-01
3.577319006820000036e-01
3.969348794990000262e-01
2.472909776789999903e-01
2.263554540749999899e-01
1.152355020259999974e-01
1.118437942119999973e-01
2.065949403160000086e-01
2.827847101270000163e-01
2.274726141560000081e-01
2.929938813099999817e-01
7.822990115260000099e-01
9.072752021459999927e-01
9.149859182789999990e-01
9.672716335950000133e-01
9.537685350240000526e-01
9.637950098009999689e-01
9.636535922190000436e-01
9.541244846980000416e-01
9.676854453609999851e-01
9.526582689979999907e-01
9.575374322699999885e-01
9.578677447000000234e-01
9.436456208889999475e-01
9.549416926970000219e-01
9.385287349880000463e-01
9.386380300940000421e-01
9.380138678239999805e-01
9.201807500509999738e-01
9.286565442090000122e-01
9.096410614729999455e-01
9.073611298020000104e-01
9.025794093790000527e-01
8.833925717470000327e-01
8.884550011909999601e-01
8.644189140339999522e-01
8.639080940329999514e-01
8.484164801110000154e-01
8.336204913620000045e-01
8.287483706920000248e-01
8.024478576660000195e-01
8.015499144809999921e-01
7.708967605480000485e-01
7.672684301529999473e-01
7.368002051469999536e-01
7.283533288660000160e-01
6.989968806899999887e-01
6.883757064429999462e-01
6.598624437629999617e-01
6.526437029260000466e-01
6.268059045430000031e-01
6.291572080249999699e-01
6.110212017489999869e-01
6.252988620070000225e-01
6.197880890500000461e-01
6.424971041739999666e-01
6.489028269419999662e-01
6.749464387219999972e-01
6.872774374840000533e-01
7.142707021399999912e-01
7.259186638169999872e-01
7.541238148929999552e-01
7.608499827410000194e-01
7.908145055090000097e-01
7.922404470699999646e-01
8.213839648999999854e-01
8.224859885809999716e-01
8.440488003710000520e-01
8.530156911630000227e-01
8.603896506739999728e-01
8.808591431410000006e-01
8.765267947739999732e-01
8.999582160189999458e-01
8.980175891060000470e-01
9.089223449529999499e-01
9.217297333670000370e-01
9.160965707179999917e-01
9.370360063399999495e-01
9.308856261839999480e-01
9.399729064420000446e-01
9.497768678260000152e-01
9.410306606789999861e-01
9.591940528789999476e-01
9.512628814510000197e-01
9.556675047749999541e-01
9.649164264309999517e-01
9.523052748410000268e-01
9.673441912789999542e-01
9.590707402310000296e-01
9.578600902060000477e-01
9.671230183340000508e-01
9.511454319219999620e-01
9.624326146130000037e-01
9.543271668889999892e-01
9.476302885249999752e-01
9.561329619289999915e-01
9.373417773619999727e-01
9.446117715970000495e-01
9.356769176260000265e-01
9.247393630619999971e-01
9.310289560819999810e-01
9.095236623379999719e-01
9.140507660579999527e-01
7.178339181170000360e-01
7.985142613600000328e-01
8.047069744429999893e-01
8.105651040879999769e-01
8.160157017920000033e-01
8.209946956560000286e-01
8.254439215309999911e-01
8.293127609470000161e-01
8.325470966289999497e-01
8.351129359910000050e-01
8.369841662079999800e-01
8.381284796450000352e-01
8.385361364810000051e-01
8.382064162040000488e-01
8.371439265319999823e-01
8.353538636009999463e-01
8.328672194749999758e-01
8.297165900380000236e-01
8.259299356739999709e-01
8.215650994969999621e-01
8.166711956919999738e-01
8.113036801470000503e-01
8.055351548489999569e-01
7.994275107539999814e-01
7.930576593429999877e-01
7.864997154659999490e-01
7.798273523390000239e-01
7.731274710729999500e-01
7.664677619080000337e-01
7.599275857689999913e-01
7.535895832129999583e-01
7.475210366900000292e-01
7.417877043989999919e-01
7.364632267109999519e-01
7.316085010149999679e-01
7.272700133049999627e-01
7.235072340210000341e-01
7.203605532050000315e-01
7.178623029130000166e-01
7.160470902750000199e-01
7.149317923950000431e-01
7.145324604970000326e-01
7.148513960090000507e-01
7.158852112139999502e-01
7.176286051179999737e-01
7.200523507460000472e-01
7.231341344939999916e-01
7.268423485189999811e-01
7.311319656839999626e-01
7.359528775550000512e-01
7.412526595580000155e-01
7.469778217879999849e-01
7.530537300230000231e-01
7.594158230169999468e-01
7.659967157379999891e-01
7.727161085260000339e-01
7.794987375930000351e-01
7.862692474920000008e-01
7.929513718959999569e-01
7.994628170180000382e-01
8.057319653019999750e-01
8.116911959060000292e-01
8.172595319180000484e-01
8.223783540319999918e-01
8.269913048329999850e-01
8.310369327559999908e-01
8.344679582689999986e-01
8.372463435250000474e-01
8.393435135879999676e-01
8.407237437550000303e-01
8.413779427940000222e-01
8.413016905929999734e-01
8.404882762169999522e-01
8.389553685680000150e-01
8.367190889529999565e-01
8.338081052250000402e-01
8.302599509820000057e-01
8.261133821149999612e-01
8.214268713640000552e-01
8.162502528839999938e-01
8.106448072909999691e-01
8.046875943290000555e-01
7.984384304049999548e-01
7.919716791059999705e-01
7.853707961250000480e-01
7.787097862420000460e-01
7.720582099439999846e-01
7.655020912590000393e-01
7.591162602140000271e-01
7.529654418310000041e-01
7.471293236529999993e-01
7.416693102479999800e-01
7.366477538879999676e-01
7.321253059040000455e-01
7.281476511400000184e-01
7.247672586790000482e-01
7.220174981610000264e-01
7.199289223150000527e-01
7.185340625080000043e-01
7.178392459139999460e-01
3.715786376640000110e-01
3.375774684410000059e-01
3.011869663410000064e-01
3.124165288199999835e-01
3.533842105860000027e-01
3.613577855249999748e-01
3.257114109420000125e-01
3.018477266069999887e-01
3.302794243430000054e-01
3.666956973030000011e-01
3.581620539729999941e-01
3.187513262880000142e-01
3.110122885330000031e-01
3.494462621980000128e-01
3.754053042950000196e-01
3.524989921139999871e-01
3.153829087039999868e-01
3.232716405280000038e-01
3.645063399549999805e-01
3.769539950670000028e-01
3.432258217479999818e-01
3.131829186030000156e-01
3.343874269309999869e-01
3.726275242809999888e-01
3.702826046770000268e-01
3.299913996480000056e-01
3.113063573240000270e-01
3.429899449109999887e-01
3.733131037940000119e-01
3.560814914550000099e-01
3.147160768100000228e-01
3.115712537950000027e-01
3.498524388609999813e-01
3.676697330570000144e-01
3.372674893270000140e-01
3.022273483919999948e-01
3.172031121139999854e-01
3.561272293409999956e-01
3.578769987529999974e-01
3.190487967249999723e-01
2.985264760610000234e-01
3.297200643150000055e-01
3.618738428459999934e-01
3.468174033449999971e-01
3.072521004179999959e-01
3.063746175829999974e-01
3.467716636309999823e-01
3.659844849689999902e-01
3.371288538539999879e-01
3.047369078789999852e-01
3.225551552400000022e-01
3.634320476349999773e-01
3.669486402520000246e-01
3.296608171489999739e-01
3.094641030379999824e-01
3.406473305819999742e-01
3.751236312840000031e-01
3.632915969039999804e-01
3.231846125439999939e-01
3.169984710179999943e-01
3.553898607639999763e-01
3.790804827929999954e-01
3.538924091630000213e-01
3.161768061529999785e-01
3.242586849179999731e-01
3.643810152790000201e-01
3.744301865540000107e-01
3.388959705010000101e-01
3.090552041160000152e-01
3.309331643940000012e-01
3.675358991909999928e-01
3.621228433440000227e-01
3.208780918290000117e-01
3.049894873960000141e-01
3.385097088919999941e-01
3.660060037849999781e-01
3.450925500500000020e-01
3.052409516330000239e-01
3.082834573339999773e-01
3.481164737940000142e-01
3.613625191250000035e-01
3.280650361160000195e-01
2.983061392710000259e-01
3.206807996009999884e-01
3.588633980550000047e-01
3.551988680589999725e-01
3.159315707459999789e-01
3.029480015639999801e-01
3.390994971099999811e-01
3.681419509220000275e-01
3.486421352130000262e-01
3.108690020200000070e-01
3.160717599430000191e-01
3.576826347939999762e-01
3.731503180399999842e-01
3.416314594880000000e-01
3.111537287819999831e-01
3.315718456060000041e-01
3.713452519239999750e-01
3.718298897030000161e-01
3.571742397259999868e-01
3.807548693130000106e-01
3.949145675319999937e-01
3.559209106489999996e-01
3.427631343109999729e-01
3.500428649169999851e-01
3.215058446899999867e-01
2.774135019369999844e-01
2.647485884019999958e-01
2.946246762190000146e-01
3.348510834139999948e-01
3.436783895739999872e-01
3.393422272980000098e-01
3.749780563139999967e-01
3.976835476189999885e-01
3.602682731590000076e-01
3.332648592740000137e-01
3.387808966179999826e-01
3.214917586839999841e-01
2.829151429649999772e-01
2.645242896539999888e-01
2.899500796339999908e-01
3.376350203840000064e-01
3.560985544490000154e-01
3.449536722409999867e-01
3.685646534679999919e-01
3.973213161710000274e-01
3.652563830960000035e-01
3.262046437780000141e-01
3.257522001390000255e-01
3.185238546890000189e-01
2.896147385660000073e-01
2.691179120789999879e-01
2.869781426810000258e-01
3.375074401279999914e-01
3.666075908790000226e-01
3.529036179519999816e-01
3.624592827109999749e-01
3.937809096570000222e-01
3.698993164209999907e-01
3.220962826239999743e-01
3.121796548460000209e-01
3.123936426639999930e-01
2.958225112389999967e-01
2.777351848299999815e-01
2.870547096300000156e-01
3.353438805080000140e-01
3.743654749490000211e-01
3.623566094230000201e-01
3.576613977329999861e-01
3.873601241669999973e-01
3.730939771990000042e-01
3.209541981660000154e-01
2.996322127600000162e-01
3.034167538429999866e-01
3.001228483869999852e-01
2.889248241360000136e-01
2.909432733919999903e-01
3.322445399030000135e-01
3.789676945500000116e-01
3.723541253000000051e-01
3.548518165730000229e-01
3.786023770220000029e-01
3.739884906240000251e-01
3.222775634899999742e-01
2.895046612420000276e-01
2.926320380440000091e-01
3.016217563970000071e-01
3.008404645050000159e-01
2.987248481720000126e-01
3.294934256579999943e-01
3.802928471909999830e-01
3.818546822319999756e-01
3.544849890999999809e-01
3.683436745229999865e-01
3.718855766529999829e-01
3.250855504110000127e-01
2.829962584530000269e-01
2.815088231249999740e-01
3.000666030540000140e-01
3.118536281400000054e-01
3.096683160279999902e-01
3.282317586480000271e-01
3.787105655049999853e-01
3.898794112589999972e-01
3.564972452249999813e-01
3.576182711640000234e-01
3.665399446959999863e-01
3.280795974419999927e-01
2.806190009980000233e-01
2.718728495950000212e-01
2.959120448509999779e-01
3.206182479960000276e-01
3.225990210349999887e-01
3.293906407669999759e-01
3.748283793530000074e-01
3.955594128120000219e-01
3.605731810630000145e-01
3.475266796659999824e-01
3.579983018189999977e-01
6.968902057200000444e-01
6.187089108929999526e-01
6.832969597139999518e-01
7.660933649419999769e-01
7.384124806030000210e-01
6.413559242580000319e-01
6.109693898629999786e-01
6.691307384279999715e-01
7.196780120129999681e-01
6.969342292469999922e-01
6.238888999980000127e-01
5.513473975820000206e-01
5.022048039030000410e-01
4.739756761269999785e-01
4.593037469110000104e-01
4.554271460000000049e-01
4.630952742660000010e-01
4.841428369440000101e-01
5.216967787920000488e-01
5.790750529470000130e-01
6.500969735380000003e-01
7.044457395469999605e-01
6.998535230110000116e-01
6.397322447069999640e-01
6.040769290430000327e-01
6.637810288050000063e-01
7.562360637470000313e-01
7.514340801629999511e-01
6.588787249269999480e-01
6.225933896680000412e-01
6.912781236480000091e-01
7.513876598969999598e-01
7.113539984109999992e-01
6.181317927970000348e-01
5.598832909530000457e-01
5.576696303929999932e-01
5.779489927540000238e-01
5.911129059630000349e-01
5.916050434990000051e-01
5.873949184840000504e-01
5.873529143979999700e-01
5.967128045080000165e-01
6.148473611700000507e-01
6.338698912169999922e-01
6.390594102790000397e-01
6.181798143329999551e-01
5.826508679340000052e-01
5.788734224149999497e-01
6.458910033189999567e-01
7.381905668560000411e-01
7.498058322830000177e-01
6.687090338259999989e-01
6.224765521189999928e-01
6.886001172660000114e-01
7.644285898560000403e-01
7.299438252040000297e-01
6.327627373719999504e-01
5.949243576149999546e-01
6.364289402820000330e-01
6.836071738850000301e-01
6.827678703359999490e-01
6.397592830130000019e-01
5.852636398330000045e-01
5.403141350660000120e-01
5.113635349070000391e-01
4.973451227719999923e-01
4.939123408730000109e-01
4.957874190470000220e-01
5.010668293319999744e-01
5.173418398060000145e-01
5.617263122290000465e-01
6.407336006889999824e-01
7.185279786710000449e-01
7.280930839570000090e-01
6.607184745040000085e-01
6.140766411989999618e-01
6.724197469310000397e-01
7.618699831680000312e-01
7.475920184250000045e-01
6.517498662380000196e-01
6.164795881550000356e-01
6.786532573250000366e-01
7.344144892780000156e-01
7.049941471989999986e-01
6.211052929079999840e-01
5.486415467330000295e-01
5.123489722980000272e-01
5.002204793979999620e-01
4.962119816389999882e-01
4.952341624059999892e-01
5.004957129999999532e-01
5.173912038260000124e-01
5.497558029189999473e-01
5.974653689850000227e-01
6.513790637040000053e-01
6.871567980239999818e-01
6.757961393060000210e-01
6.232989045600000333e-01
5.947426168989999873e-01
5.825295413529999466e-01
5.365509443310000348e-01
4.732324176639999824e-01
5.941336258749999599e-01
6.358429138379999568e-01
5.116401607549999619e-01
5.590640454530000358e-01
6.634324357209999690e-01
5.487255438489999637e-01
5.158629571859999485e-01
6.380118375479999493e-01
5.842518948410000412e-01
4.686848398239999991e-01
5.357256130140000128e-01
6.027317895879999998e-01
5.113232746729999834e-01
4.209669475450000253e-01
4.695204922819999904e-01
5.571523010900000239e-01
5.400046529919999561e-01
4.455263945969999972e-01
4.328833227039999842e-01
5.456137319610000480e-01
6.002029163750000063e-01
5.051091698420000498e-01
4.846203331239999912e-01
6.198404162559999486e-01
6.118666008730000438e-01
4.984152101750000119e-01
5.900913892729999777e-01
6.555063460200000192e-01
5.229169276599999749e-01
5.413106284319999517e-01
6.494431648799999790e-01
5.533509683230000142e-01
4.719808263770000067e-01
5.675639826399999643e-01
5.960825448300000051e-01
4.801665589740000128e-01
4.244252277419999775e-01
5.021891750460000248e-01
5.665779252770000163e-01
5.113374486959999521e-01
4.238436591620000082e-01
4.536927646910000056e-01
5.713370126650000325e-01
5.814466222909999704e-01
4.789112830450000247e-01
5.065759019490000403e-01
6.367932764489999675e-01
5.818250988600000007e-01
4.971579922589999811e-01
6.198170464940000457e-01
6.367101529059999709e-01
5.056664259890000235e-01
5.718808525520000519e-01
6.487826637250000417e-01
5.234967904620000390e-01
4.874081313279999828e-01
5.946285883919999460e-01
5.775927917809999812e-01
4.540707822500000268e-01
4.408119756600000216e-01
5.331711908530000210e-01
5.624346068759999984e-01
4.787978102009999848e-01
4.140219434549999855e-01
4.825869444809999798e-01
5.873916751690000382e-01
5.537995409429999905e-01
4.621660033580000104e-01
5.354211586260000377e-01
6.422269647420000283e-01
5.501610286739999633e-01
5.080286787950000216e-01
6.438231038570000342e-01
6.098840858390000008e-01
4.996904608250000157e-01
6.031666538130000532e-01
6.361164268429999602e-01
4.993138988299999914e-01
5.125415599839999725e-01
6.126999760529999728e-01
5.504594915710000480e-01
4.375765439409999846e-01
4.671878850389999949e-01
5.573405275020000271e-01
5.454783008650000431e-01
4.478164688180000241e-01
4.178963876440000003e-01
5.145375199620000339e-01
5.910115133340000382e-01
5.216289668369999966e-01
4.575523434889999796e-01
5.665944833810000469e-01
6.352593186599999608e-01
5.214455833960000009e-01
5.292625321489999868e-01
6.584872691819999568e-01
5.790430954719999468e-01
4.604652879539999910e-02
4.942959163860000116e-02
3.693454641309999731e-02
2.352535867769999997e-02
9.754321213589999678e-03
1.675714195330000114e-02
3.428593895300000027e-02
4.066150184629999803e-02
5.980301708090000196e-02
5.755476425790000128e-02
5.935296180800000293e-02
5.667032731829999698e-02
3.582188247060000275e-02
2.444516164060000010e-02
1.642604059519999979e-02
1.878412089739999943e-02
3.235274945049999851e-02
2.004893375889999982e-02
8.485846924049999726e-03
1.802267828529999921e-02
3.269459484730000143e-02
5.518509547449999830e-02
6.293123456379999536e-02
5.954280771170000069e-02
5.997186244509999931e-02
5.010814477259999816e-02
4.202563756000000234e-02
3.608979176069999906e-02
3.484041451560000030e-02
4.243062878829999968e-02
3.367902206159999884e-02
1.617716175570000151e-02
1.307334968780000072e-02
1.351125384479999990e-02
2.997937649089999976e-02
2.317551779460000003e-02
3.155361540289999822e-02
4.041134547070000110e-02
4.411416124590000071e-02
2.164372341650000128e-02
4.568608779860000406e-03
4.905467827280000220e-02
1.824142288260000022e-02
5.389863917689999978e-02
5.272546134779999838e-02
2.740248322940000078e-02
1.709241629559999850e-02
2.774455651049999999e-02
4.320243310349999866e-02
5.289808075590000241e-02
6.248304160229999765e-02
4.543832725130000222e-02
2.379578526159999846e-02
8.428730724479999159e-03
3.684044359790000084e-02
5.707061982819999768e-02
5.388508321399999856e-02
3.630172752329999947e-02
1.867178137590000050e-02
1.596119740509999857e-02
4.947847818889999916e-02
5.937384845239999931e-02
4.187123576420000159e-02
6.482788880760000268e-03
5.062324023849999743e-02
2.874519571719999847e-02
6.100786730669999908e-02
4.939242342789999796e-02
3.420046630080000177e-02
4.504276140920000088e-02
3.384146825409999754e-02
4.463866466199999800e-02
2.385882110029999975e-02
2.521869673579999957e-02
3.512573029180000167e-02
3.717218910020000239e-02
3.345038092560000120e-02
5.290636729809999883e-02
4.695680442579999725e-02
3.253722984179999861e-02
3.954050785660000178e-02
4.888089492969999866e-02
2.774928312390000096e-02
2.626215670599999982e-02
4.914775195789999884e-02
3.094358493490000084e-02
3.840504719269999950e-02
4.556754027240000199e-02
5.100343214110000106e-02
3.374527781540000160e-02
3.070783471239999993e-02
6.116251378479999751e-02
3.870763785240000088e-02
6.648552380479999524e-02
5.398430292709999884e-02
6.179570615559999702e-02
6.931528581849999426e-02
6.066139900959999914e-02
4.119920384040000327e-02
2.887882954749999842e-02
4.052976086990000004e-01
3.965187979890000269e-01
4.271188696370000204e-01
4.131171473129999772e-01
3.572010364900000123e-01
2.790078366850000102e-01
2.381562624770000025e-01
2.824133325689999752e-01
3.643015931240000116e-01
4.172621108330000217e-01
4.258312516500000200e-01
3.901893192729999904e-01
3.176421651549999892e-01
2.488305465100000002e-01
2.508139941840000220e-01
3.243338591109999891e-01
3.959563127119999915e-01
4.272484687320000085e-01
4.138827205830000189e-01
3.575100298189999859e-01
2.776071054340000233e-01
2.384211765629999924e-01
2.834215069509999907e-01
3.637557769590000212e-01
4.168632606780000027e-01
4.261851150400000066e-01
3.909084458200000056e-01
3.172239240829999862e-01
2.475642920480000120e-01
2.522021293960000077e-01
3.245181120610000081e-01
3.952477330979999870e-01
4.270622567819999937e-01
4.144411389220000186e-01
3.579431813119999806e-01
2.763822203369999952e-01
2.385094329069999963e-01
2.846427117779999905e-01
3.632903266360000272e-01
4.162255246720000246e-01
4.262350857169999729e-01
3.915514982030000035e-01
3.170375518449999874e-01
2.462606300999999887e-01
2.535632145819999850e-01
3.249356449490000132e-01
3.944666892409999792e-01
4.265765833710000177e-01
4.147445480290000153e-01
3.584354691889999889e-01
2.753621040470000114e-01
2.384151851619999984e-01
2.860489488230000266e-01
3.629754750379999839e-01
4.154017231700000146e-01
4.259733262320000158e-01
3.920513931610000169e-01
3.170495722700000241e-01
2.449659595710000082e-01
2.548512892629999915e-01
3.256068042099999893e-01
3.936841690310000086e-01
4.258250572889999974e-01
4.147557442629999924e-01
3.589187117079999934e-01
2.745643953179999763e-01
2.381484808309999868e-01
2.876010367080000241e-01
3.628546698649999791e-01
4.144563647230000147e-01
4.254093762389999922e-01
3.923449529640000155e-01
3.172153278589999736e-01
2.437365713090000052e-01
2.560232252999999902e-01
3.265308515770000142e-01
3.929735563849999780e-01
4.248566612620000016e-01
4.144519193639999988e-01
3.593270209400000192e-01
2.739963777860000005e-01
2.377254722940000120e-01
2.892504368239999790e-01
3.629704292889999739e-01
4.134625310689999944e-01
4.245690778649999775e-01
3.923893828339999890e-01
3.174821196970000203e-01
2.426166997739999942e-01
2.570424101489999780e-01
3.276949657889999812e-01
3.924049503020000107e-01
4.237338312080000113e-01
4.138409505689999990e-01
3.596003278789999813e-01
2.736525596769999735e-01
2.371693439349999988e-01
2.909429308150000004e-01
3.633528943329999983e-01
4.124968560450000266e-01
1.425339591490000068e-03
1.092425735339999995e-03
4.675741894279999847e-04
1.011949463939999967e-03
9.686905495340000349e-04
4.243446701040000141e-04
7.544756000750000007e-04
6.657885213740000196e-04
3.842777027149999933e-04
6.839109340109999742e-04
5.271209153529999485e-04
5.694546777830000262e-04
9.455145302970000519e-04
6.819095172009999838e-04
3.896475473539999794e-04
1.042753276100000064e-03
3.886604837160000168e-04
1.026838703460000073e-03
8.762144442129999851e-04
9.175429282409999928e-05
8.666570630929999611e-04
2.132909784109999910e-04
8.079792194579999602e-04
8.014458934499999864e-04
4.260365884369999982e-04
2.031855941499999924e-04
4.811508716620000251e-04
5.370984508689999716e-04
1.272384030830000059e-04
1.154433270490000038e-03
1.095921927750000005e-03
6.948126094609999521e-04
1.177480467180000044e-03
4.055918944899999869e-04
9.434078257580000119e-04
1.469537315760000105e-03
5.435276791309999467e-04
7.640078850539999559e-04
7.212328700990000476e-04
8.168209956990000326e-04
2.414963580769999968e-04
8.650318739860000461e-04
1.012631216939999983e-03
5.770795640130000227e-04
1.286022267020000024e-03
6.170160154709999857e-04
8.338365079049999762e-04
1.341083647459999969e-03
6.482452673490000190e-04
2.699950217299999940e-04
8.869634955119999739e-04
7.810655354359999575e-04
4.081736229380000217e-04
4.800465961780000113e-04
1.280209966550000010e-03
6.262091672249999819e-04
1.115527911780000081e-03
6.691208636309999838e-04
6.127086046330000287e-04
1.163054219620000091e-03
1.247438151319999952e-03
3.297908064520000131e-04
6.963792434430000336e-04
9.663660970940000190e-04
1.893713336289999964e-04
5.124599523829999857e-04
1.001044418819999927e-03
4.955276240680000230e-04
8.489015321990000347e-04
1.415981699870000029e-03
3.848406754370000131e-04
1.725164908740000030e-04
6.652176685070000390e-04
4.781570148250000019e-04
4.210761583999999766e-04
2.743577252740000126e-04
9.634612748599999778e-04
5.062750298019999930e-04
9.296962044889999898e-04
9.087637724169999763e-04
4.734979613340000045e-04
7.510518025249999889e-04
4.827797935029999815e-04
6.526018587410000165e-04
7.118484621929999697e-04
5.795704466079999945e-04
1.305964712120000074e-03
4.748944549710000127e-04
7.900273981720000406e-04
1.507910073000000035e-03
7.345976086840000406e-04
1.117176300150000013e-03
7.359973151680000497e-04
3.445027769019999835e-04
5.460508589130000411e-04
7.973196477390000246e-04
8.181219754160000282e-04
4.144711426289999969e-04
1.314355885940000088e-03
1.271021831159999983e-03
5.240416605940000361e-01
5.308923030009999877e-01
4.214500935930000081e-01
2.425424183859999916e-01
4.199668087319999854e-01
5.130071982889999882e-01
5.466888682889999851e-01
5.085101544540000518e-01
3.691967862619999763e-01
3.013962733539999883e-01
3.353509586169999834e-01
4.757679790020000188e-01
5.347492419860000457e-01
5.149093392920000012e-01
4.430171297509999939e-01
2.756621010220000056e-01
3.685727890430000042e-01
5.206536009179999480e-01
5.722861557939999955e-01
5.533119639660000200e-01
4.306162796910000257e-01
2.746994420070000276e-01
3.382528194689999879e-01
4.361249571959999738e-01
5.068159321409999585e-01
5.003607599160000419e-01
4.358263137210000027e-01
3.345592930990000102e-01
2.940153218789999801e-01
4.985851852079999924e-01
5.803408282040000143e-01
5.801314985050000095e-01
4.928278042990000274e-01
2.884732754859999915e-01
3.351613627330000122e-01
4.247142223159999785e-01
4.948617870779999928e-01
5.022710164339999617e-01
4.373624573189999754e-01
3.488903763999999796e-01
2.665983509379999949e-01
4.419197493829999934e-01
5.623904850259999755e-01
5.810924047809999937e-01
5.257707211759999888e-01
3.594823899990000071e-01
2.849682673439999925e-01
4.322588583149999941e-01
5.023487010830000044e-01
5.227986847700000217e-01
4.664975272019999952e-01
3.418936636430000009e-01
2.951083493880000130e-01
3.744624864339999859e-01
5.212017850110000072e-01
5.599935797489999922e-01
5.256328433179999760e-01
4.211778202140000205e-01
2.419323883520000107e-01
4.216311777010000039e-01
5.190108732929999968e-01
5.526224274419999638e-01
5.137032086320000301e-01
3.703285114100000053e-01
2.990758615740000126e-01
3.383442264129999932e-01
4.718880205489999757e-01
5.292846222489999697e-01
5.090056077129999634e-01
4.381080682180000241e-01
2.789004537070000067e-01
3.657932088670000081e-01
5.237736807020000329e-01
5.766214375220000132e-01
5.573847241760000459e-01
4.347317154409999773e-01
2.708584192049999784e-01
3.433212788400000215e-01
4.366638774509999932e-01
5.044361012639999586e-01
4.972610198669999981e-01
4.303585095049999865e-01
3.345321492209999970e-01
2.921677945430000145e-01
4.970971968910000149e-01
5.809616012760000503e-01
5.805570611539999648e-01
4.951397357539999988e-01
2.897248229389999818e-01
3.359001271309999814e-01
4.297234867509999723e-01
4.969692073170000057e-01
5.035984671659999856e-01
4.358640961899999944e-01
3.440887599249999873e-01
2.699604553719999744e-01
4.378080935629999892e-01
5.590649211389999707e-01
5.775240851439999989e-01
5.235650307229999800e-01
3.560937799930000147e-01
5.036687628810000428e-01
3.197835539989999920e-01
5.497325968159999521e-01
5.481131750369999667e-01
5.014851538939999465e-01
4.667663031770000193e-01
4.109842660849999940e-01
3.414232210640000265e-01
4.933165485079999968e-01
3.394793099160000049e-01
4.188986487460000241e-01
3.839108916419999851e-01
4.441055463440000128e-01
5.225001235949999767e-01
4.525809208150000096e-01
3.617412639159999777e-01
3.676423930239999804e-01
3.810096750990000225e-01
4.088961889300000152e-01
5.101697847859999468e-01
4.974648087870000013e-01
4.424631257130000050e-01
3.541229940030000134e-01
3.865173886650000168e-01
3.382922828620000266e-01
4.566775090199999831e-01
3.546648182670000260e-01
4.753557426400000230e-01
5.381525123849999481e-01
5.650635972699999954e-01
5.791894909389999624e-01
5.143634861929999857e-01
3.206066489900000205e-01
5.089838270250000019e-01
5.517810582900000149e-01
5.335946275230000202e-01
5.608231425570000539e-01
3.375313062920000107e-01
5.496502477519999985e-01
5.702428690799999922e-01
5.439234042239999845e-01
5.102178540470000412e-01
4.382544430309999739e-01
3.368204824539999809e-01
5.223394385299999776e-01
3.070296267479999952e-01
3.023403694930000274e-01
3.001129337210000081e-01
3.513224364220000062e-01
5.456597300690000374e-01
4.673009734810000260e-01
3.841476256410000234e-01
3.701841938139999733e-01
3.651582725649999972e-01
3.790394291790000203e-01
5.007771256380000313e-01
4.569692437810000119e-01
5.387563690929999538e-01
5.114944361369999637e-01
5.326768306629999783e-01
4.187527815620000204e-01
4.306729830059999875e-01
3.534430907900000252e-01
4.428193053560000036e-01
4.961562234349999878e-01
5.291177367530000009e-01
5.674330926389999918e-01
5.128494743420000113e-01
3.290150373499999836e-01
3.988496425970000092e-01
4.090827682909999874e-01
3.911025661229999839e-01
5.374701330119999731e-01
3.555438210749999883e-01
5.435674849079999982e-01
5.837976231410000327e-01
5.755332550670000380e-01
5.462777346630000030e-01
4.623895639889999964e-01
3.315689913120000165e-01
5.523586727170000099e-01
3.706085334149999966e-01
3.630391397859999980e-01
3.793922531869999837e-01
3.151318660210000178e-01
5.560124512820000531e-01
4.905372311210000058e-01
4.186274988020000087e-01
3.924175675759999926e-01
3.676791253510000024e-01
3.590217473160000061e-01
5.019591650039999520e-01
3.981374676900000242e-01
5.489498103000000073e-01
5.451254374109999468e-01
5.466628142510000510e-01
4.912870103309999736e-01
4.194954366390000189e-01
3.515259620449999733e-01
1.622272286139999839e-02
1.465402089929999929e-01
1.531749136839999914e-01
1.185080017599999952e-01
1.265257646219999921e-01
1.713434968320000085e-01
2.171402293240000114e-01
5.752511856030000092e-02
1.034824320259999930e-02
1.505754738619999866e-01
2.222435137210000133e-01
1.118953971759999999e-01
1.507594327529999945e-01
1.094884926590000002e-01
1.697393512450000030e-01
1.208216377469999991e-01
2.239354663960000102e-01
1.188239509379999947e-01
3.164172795359999901e-02
8.584803628340000048e-02
2.320444152979999897e-01
1.496851390639999946e-01
1.171581027860000013e-01
9.244760947970000198e-02
1.818205388870000050e-01
1.411716385200000035e-01
1.813456792760000102e-01
1.776181049820000080e-01
5.866966321619999924e-02
7.668785687239999815e-02
1.879098685489999920e-01
2.122372394919999905e-01
8.380041186099999873e-02
7.397640727500000291e-02
1.490396097870000103e-01
1.954612386039999983e-01
1.283079842969999940e-01
1.962551775880000127e-01
9.274093043099999878e-02
1.126459119390000041e-01
1.238132814869999931e-01
2.376465499950000115e-01
1.149172811470000055e-01
4.941095627960000181e-02
8.758256637769999686e-02
2.213911462769999894e-01
1.351826331160000116e-01
1.682260706260000072e-01
1.261012747770000053e-01
1.357649944409999865e-01
1.111149306449999985e-01
2.075048757340000050e-01
1.819655168509999865e-01
2.957376750740000129e-02
3.328028246209999846e-02
1.943252994019999957e-01
1.945120079800000124e-01
1.198665766149999978e-01
1.389238915500000116e-01
1.302511936340000065e-01
1.564465503689999870e-01
1.470441962890000065e-01
2.206786934939999889e-01
7.334306460400000227e-02
4.045810795859999809e-02
1.294093784829999927e-01
2.352412819939999900e-01
1.140846922860000029e-01
1.218836327369999945e-01
1.011659443619999932e-01
1.923921180200000025e-01
1.221259308340000016e-01
2.059679285359999890e-01
1.371497066279999955e-01
6.676993781140000417e-02
8.284356129669999402e-02
2.225708255149999870e-01
1.732010630899999959e-01
8.548378466820000243e-02
6.732682546120000167e-02
1.852626100039999890e-01
1.675441169799999908e-01
1.539789234770000126e-01
1.793752336870000075e-01
8.677848177439999311e-02
1.061000896400000060e-01
1.645118849770000058e-01
2.264674879299999888e-01
7.739299578970000593e-02
3.995413709639999977e-02
1.335425029450000023e-01
2.172496054929999865e-01
1.186169992879999996e-01
1.774780372720000110e-01
1.058646363959999948e-01
1.435766857890000137e-01
1.135789896139999949e-01
2.296500256750000080e-01
1.353135270539999879e-01
1.404502049830000029e-02
6.492188881310000381e-01
8.330739798370000448e-01
8.177571725000000180e-01
7.717526735109999647e-01
7.694002288689999469e-01
8.119390317139999480e-01
8.247115755570000317e-01
7.825823097449999821e-01
7.533120954640000200e-01
7.827022432919999995e-01
8.164166657989999631e-01
7.916513317109999948e-01
7.461187291430000368e-01
7.534203309470000054e-01
7.953176378180000228e-01
7.919691064980000084e-01
7.425545667790000026e-01
7.279831318310000521e-01
7.671849143869999832e-01
7.814895571829999499e-01
7.362087352070000312e-01
7.056112590280000374e-01
7.372422824380000517e-01
7.622849009169999634e-01
7.227882087800000521e-01
6.831609715919999548e-01
7.086491158009999847e-01
7.380577552060000324e-01
7.009592547170000465e-01
6.585609420469999975e-01
6.835914008450000301e-01
7.121118643149999539e-01
6.717986889460000333e-01
6.333456329700000165e-01
6.649220376750000217e-01
6.864293937759999853e-01
6.389631952390000258e-01
6.140424438520000194e-01
6.557488819050000250e-01
6.619558420940000465e-01
6.103307180639999663e-01
6.097931680229999873e-01
6.563988735129999696e-01
6.412346448240000552e-01
5.971279212760000066e-01
6.245431914850000377e-01
6.636889164849999467e-01
3.821923215560000253e-01
3.271241968560000268e-01
4.589749616939999832e-01
3.097699627839999859e-01
4.119079908039999793e-01
3.705445113959999759e-01
3.399676265350000115e-01
4.522900304799999938e-01
3.047479827540000019e-01
4.115336831490000180e-01
3.704952599949999925e-01
3.542583816809999897e-01
4.419104697619999911e-01
3.005488470359999886e-01
4.129899775170000065e-01
3.692303764880000005e-01
3.691974531669999782e-01
4.290060437209999855e-01
2.971642059879999742e-01
4.167139536919999832e-01
3.661064623110000249e-01
3.837857182220000274e-01
4.150296457500000091e-01
2.948120838250000153e-01
4.226742009589999904e-01
3.607922676679999885e-01
3.968229159139999851e-01
4.014928712520000054e-01
2.940075534370000243e-01
4.304853892659999959e-01
3.533614618900000059e-01
4.071158251159999741e-01
3.895607336260000220e-01
2.951363165979999925e-01
4.393922987009999948e-01
3.445903454029999868e-01
4.140823359349999899e-01
3.798839161870000147e-01
2.983907184660000156e-01
4.482110190640000158e-01
3.355087302220000067e-01
4.177449566109999735e-01
3.729048255899999886e-01
3.039324827070000179e-01
4.554258087570000058e-01
3.269603553259999851e-01
4.185655517410000193e-01
3.686702269179999991e-01
3.117459060469999765e-01
4.597226889209999889e-01
3.195733249309999913e-01
4.174863971459999989e-01
3.666445467100000188e-01
3.217040744129999741e-01
4.600672036930000264e-01
3.135459089800000099e-01
4.157285907559999938e-01
3.661164758789999807e-01
3.336609870080000095e-01
4.558203257269999864e-01
3.085819663620000264e-01
4.143858002959999731e-01
3.662445139059999910e-01
3.473836177379999723e-01
4.472865272309999862e-01
3.043436047149999935e-01
4.143095863879999730e-01
3.659493202560000213e-01
3.623402000370000153e-01
4.354819661529999997e-01
3.007648708469999876e-01
4.162124402449999816e-01
3.642429874509999776e-01
3.775604786249999734e-01
4.217056054459999981e-01
2.979303724599999814e-01
4.204125340889999785e-01
3.606112626649999875e-01
3.919258745140000166e-01
4.073963315910000271e-01
2.961460711219999764e-01
4.267326228459999982e-01
3.549104213220000137e-01
4.042530511519999981e-01
3.939867092339999766e-01
2.959691267719999908e-01
4.346191722789999878e-01
3.474067355170000204e-01
4.134723125270000077e-01
3.825205908170000169e-01
2.978029672020000018e-01
4.431951457170000275e-01
3.389912622089999994e-01
4.191869309080000217e-01
3.734974521200000175e-01
3.018477680509999983e-01
4.511933131929999896e-01
3.306996158850000200e-01
4.216589868719999856e-01
3.672284013989999818e-01
4.995247753670000179e-01
8.438221524360000059e-01
6.383670580370000014e-01
4.910333111499999847e-01
4.850574582289999825e-01
6.224163203879999884e-01
8.255276701610000378e-01
9.437666501929999896e-01
8.577937387949999826e-01
6.561599630200000144e-01
4.989150894020000226e-01
4.762593036700000226e-01
5.991468846699999906e-01
7.988820015780000450e-01
9.354707435629999734e-01
8.769886648139999519e-01
6.831984837710000091e-01
5.133777050640000450e-01
4.675730086270000196e-01
5.694066599420000152e-01
7.621400882169999669e-01
9.196761160790000167e-01
8.988607532169999859e-01
7.203597605839999751e-01
5.373584722330000396e-01
7.766034289390000289e-01
7.812061092830000497e-01
7.821836235360000167e-01
7.788110590090000507e-01
7.736835553559999745e-01
7.699750742690000260e-01
7.685961827589999906e-01
7.677099155709999900e-01
7.646344851880000348e-01
7.578652748240000125e-01
7.480114264910000532e-01
7.371609563480000515e-01
7.272856432809999827e-01
7.194232774540000319e-01
7.138598492950000152e-01
7.103637832119999995e-01
7.085733463509999996e-01
7.083331764960000276e-01
7.094743228730000517e-01
7.117210110180000049e-01
7.148255350019999677e-01
7.187210410080000500e-01
7.236236246499999636e-01
7.300311191939999889e-01
7.384542111380000273e-01
7.486138157599999676e-01
7.589057802819999532e-01
7.670401133480000411e-01
7.713189405899999462e-01
7.720351816530000022e-01
7.717645196860000167e-01
7.732701099530000510e-01
7.769993165270000501e-01
7.806912009549999976e-01
7.811152321550000055e-01
7.768383298750000110e-01
7.695345728829999787e-01
7.622424258690000398e-01
7.568647807730000121e-01
7.531498010299999546e-01
7.492471808230000141e-01
7.433875673380000437e-01
7.351891949450000130e-01
7.255481465599999957e-01
7.159769417169999928e-01
7.079948849210000450e-01
7.027389274830000421e-01
7.007928480320000375e-01
7.022484408870000028e-01
7.068712643500000281e-01
7.139279807139999878e-01
7.222165569420000431e-01
7.304565738830000043e-01
7.374920989880000555e-01
7.428281654070000295e-01
7.472347319700000101e-01
7.523146153419999482e-01
7.592632616860000017e-01
7.677293821889999981e-01
7.754374162270000204e-01
7.795323519850000382e-01
7.791010032699999810e-01
7.761154150339999447e-01
7.737699556970000225e-01
7.738770612140000171e-01
7.752624055110000079e-01
7.747821595070000233e-01
7.702208093219999885e-01
7.619016148399999633e-01
7.520015146070000434e-01
7.429221133550000244e-01
7.357996621569999895e-01
7.302191091619999463e-01
7.252355177510000361e-01
7.202362178990000530e-01
7.151377760570000186e-01
7.104138907010000281e-01
7.068541240989999475e-01
7.051068251300000034e-01
7.056061065419999556e-01
7.087302137190000240e-01
7.146479086670000092e-01
7.231276316420000017e-01
7.334885086189999459e-01
7.443369243330000273e-01
7.536511612640000024e-01
7.598816550060000230e-01
7.630329792910000020e-01
7.648269447550000155e-01
7.677612350029999755e-01
7.730237025789999938e-01
2.566298838009999916e-01
2.876709064660000204e-01
2.771076342709999918e-01
2.585736781219999947e-01
2.346333942280000029e-01
2.087459746770000124e-01
1.851862730870000029e-01
1.688663866200000030e-01
1.641727762259999890e-01
1.724129441139999885e-01
1.907130708270000086e-01
2.139883360690000014e-01
2.372546928850000070e-01
2.564152247520000150e-01
2.684340684939999777e-01
2.714988714720000251e-01
2.651572362879999756e-01
2.502721059319999997e-01
2.288901514349999944e-01
2.040039014629999869e-01
1.794628766630000094e-01
1.599680251370000084e-01
1.504967776929999890e-01
1.539841629049999994e-01
1.689993459480000071e-01
1.908137471509999961e-01
2.142436335529999958e-01
2.349486907109999967e-01
2.496038224930000049e-01
2.560314809940000269e-01
2.532788481350000120e-01
2.417260184510000021e-01
2.229568086779999958e-01
1.995748901449999890e-01
1.750681938199999954e-01
1.538637393010000021e-01
1.411163275329999911e-01
1.408656373720000021e-01
1.530551827809999987e-01
1.734823807080000113e-01
1.968525847769999892e-01
2.186376923070000033e-01
2.353184830239999914e-01
2.444599293920000083e-01
2.447197733700000044e-01
2.360804060849999997e-01
2.197237735039999917e-01
1.979377480370000109e-01
1.739312554449999881e-01
1.518966523299999927e-01
1.369754255460000070e-01
1.338720678470000092e-01
1.437086135329999903e-01
1.629391238229999928e-01
1.862614362530000123e-01
2.089852863760000012e-01
2.274343659599999956e-01
2.389523964080000062e-01
2.419008934880000072e-01
2.358842251699999892e-01
2.217329813829999885e-01
2.014648643599999955e-01
1.780777226999999963e-01
1.555819682329999953e-01
1.390259915829999970e-01
1.334720244629999941e-01
1.410484409520000038e-01
1.590446599239999925e-01
1.823035004080000021e-01
2.059789148579999896e-01
2.262135532469999877e-01
2.401109336820000106e-01
2.457586339779999907e-01
2.423643134690000034e-01
2.304118766209999891e-01
2.116425454639999926e-01
1.888690672259999981e-01
1.659393260320000119e-01
1.477595635070000080e-01
1.395549505489999953e-01
1.443750563189999947e-01
1.606237811110000080e-01
1.835338222890000037e-01
2.081170876900000077e-01
2.302654699139999872e-01
2.467925073670000080e-01
2.554484386440000199e-01
2.550183766610000236e-01
2.455813869250000059e-01
2.285334503360000047e-01
2.064661433190000117e-01
1.830366314820000007e-01
1.629586112829999878e-01
1.514897379279999956e-01
1.525419846640000132e-01
1.659670198019999876e-01
1.877792769459999955e-01
2.129410865470000025e-01
2.370186679500000115e-01
2.564648036230000039e-01
1.018650466419999913e-03
1.284028557219999951e-03
2.043219866409999932e-03
1.030236323349999900e-03
1.063603908010000076e-03
9.247946052330000520e-04
1.329246280020000099e-03
4.477846922430000175e-04
5.318563226570000068e-04
1.467285893320000034e-03
1.253290968380000106e-03
1.269074860739999918e-03
1.604726219840000049e-03
1.778689603880000006e-03
1.858574738599999944e-03
5.727864461180000050e-04
1.167891266490000100e-03
6.092995583440000444e-04
4.484891431800000234e-04
1.574527364589999945e-03
1.455965087959999998e-03
1.578128880639999981e-03
1.087148538650000058e-03
1.921779052279999969e-03
1.588414311710000058e-03
9.992799575240000291e-04
7.449376395540000233e-04
1.216937403770000040e-03
7.734083952479999706e-04
1.232052687899999957e-03
9.382710711530000119e-04
1.893122724570000040e-03
9.898082916109998946e-04
1.525478949340000091e-03
1.343050948379999896e-03
1.261024155910000100e-03
5.580599594520000177e-04
1.449715219280000049e-03
9.858892710200000548e-04
1.102966014889999969e-03
2.297481220240000046e-04
1.905726955500000033e-03
7.078080544860000049e-04
1.493432218239999906e-03
9.537930500940000004e-04
2.262061400339999973e-03
1.080727513370000016e-03
1.264181635149999941e-03
5.952057206540000344e-04
1.423571967619999962e-03
1.996559037200000097e-04
1.317522537500000028e-03
8.256318423519999573e-04
1.334951980450000070e-03
6.133927821089999984e-04
2.282491978779999965e-03
1.341679807050000098e-03
1.761612577740000012e-03
1.930430936150000036e-04
1.559104686339999983e-03
2.913933265690000119e-04
9.046778878109999538e-04
1.086677956419999924e-03
2.203609618310000025e-03
6.079824735020000542e-04
1.897796983359999971e-03
1.282721186780000008e-03
1.938349106179999923e-03
1.912955976220000003e-04
1.180081557410000027e-03
4.773714540559999731e-04
7.107883691850000202e-04
1.105075535809999952e-03
1.822861628830000063e-03
1.174619580120000008e-03
1.589783297210000095e-03
1.072653897190000045e-03
2.126267324850000025e-03
4.481162704219999820e-04
9.176330091569999750e-04
9.549161591150000282e-04
1.668964193260000011e-03
2.741536968450000136e-04
1.113305331509999987e-03
1.402155216940000016e-03
1.492069151209999981e-03
1.082706724090000102e-03
1.741861058190000058e-03
1.495313591400000003e-03
1.456596974990000083e-03
8.422866974280000417e-04
1.276453770160000103e-03
7.180832277169999899e-04
6.696224204930000456e-04
1.401320273970000068e-03
1.510695170010000052e-03
9.734030836119999912e-04
1.076411376039999911e-03
1.864736695229999956e-03
1.905547945219999983e-03
4.474306403070000271e-01
2.645812769620000116e-01
4.625113594499999925e-01
2.999380742689999879e-01
2.173469117010000118e-01
4.357867882959999828e-01
3.794168416620000150e-01
1.984728914309999981e-01
3.663210674599999828e-01
4.516043652080000137e-01
2.364956633330000113e-01
2.779159842469999808e-01
4.719165143999999867e-01
3.207162407849999952e-01
2.117078799930000033e-01
4.202694063379999734e-01
4.118726664949999838e-01
2.069418596089999951e-01
3.307910255520000176e-01
4.650066232980000214e-01
2.590980548399999805e-01
2.497030937789999905e-01
4.589396294379999852e-01
3.283143927280000041e-01
2.020433191190000033e-01
4.134297440770000054e-01
3.864029185000000255e-01
1.906903616020000081e-01
3.594514355399999750e-01
4.229645710020000227e-01
2.015429810920000009e-01
3.137689582420000178e-01
4.407387566309999838e-01
2.197574401150000079e-01
2.797381714450000167e-01
4.473907554939999809e-01
2.393818628090000067e-01
2.545007172140000273e-01
4.487644672869999796e-01
2.612414863829999878e-01
2.336308117670000128e-01
4.463439114280000064e-01
2.892269690650000058e-01
2.139870173510000084e-01
4.368944448159999827e-01
3.275748387649999871e-01
1.967498432439999945e-01
4.133007698910000083e-01
3.776436133189999822e-01
1.913412041149999965e-01
3.685921729630000088e-01
4.319765267740000025e-01
2.145656206369999930e-01
3.040341375589999950e-01
4.674605397420000252e-01
2.758450252740000108e-01
2.363579298079999946e-01
4.525570769889999956e-01
3.643081123329999782e-01
2.004818367350000019e-01
3.809785144480000163e-01
4.460670110359999940e-01
2.303167016650000121e-01
2.869948196329999979e-01
4.729992507929999812e-01
3.096293302690000249e-01
2.158378387169999912e-01
4.290383784880000273e-01
3.951662342039999887e-01
1.995793814500000096e-01
3.498692759729999935e-01
4.503757988859999895e-01
2.324516253599999971e-01
2.757865362859999725e-01
4.618254975600000201e-01
2.817083795170000071e-01
2.242433124269999911e-01
4.428051246560000265e-01
3.262404266889999960e-01
1.959664790969999904e-01
4.132975264400000071e-01
3.598728897549999806e-01
1.844821817710000089e-01
3.848603888980000054e-01
3.845780900910000244e-01
1.831230055729999862e-01
3.599102181830000080e-01
4.050891356779999786e-01
1.888448233760000039e-01
3.356712751400000028e-01
4.252381565989999945e-01
2.026860220970000126e-01
3.075908134800000027e-01
4.451155548360000158e-01
2.288722346560000120e-01
2.723922107399999737e-01
4.581290728860000216e-01
2.728612156019999957e-01
2.321887147939999951e-01
4.500701850380000035e-01
6.216923225499999539e-01
7.272555987030000502e-01
6.618032064050000107e-01
6.088913135619999917e-01
7.725658688819999620e-01
5.403400978900000373e-01
8.423005175190000360e-01
5.127354761360000124e-01
8.771312849579999682e-01
5.055523311480000226e-01
8.923166423320000318e-01
5.061030760470000001e-01
8.971090865790000146e-01
5.098194787919999582e-01
8.941746715149999636e-01
5.154291695889999803e-01
8.853920310820000417e-01
5.209861410470000287e-01
8.754494938019999895e-01
5.226487402980000141e-01
8.708834118010000402e-01
5.164188244440000020e-01
8.755287424219999615e-01
5.022146813660000042e-01
8.831401096069999568e-01
4.904757843609999779e-01
8.689368335699999557e-01
5.073892465639999738e-01
7.959658543369999562e-01
5.893162031390000166e-01
6.569563626100000109e-01
7.389376529710000030e-01
5.143121450180000442e-01
8.433723119589999762e-01
4.930480023120000221e-01
7.420819470499999682e-01
6.646704851989999607e-01
5.322127429180000258e-01
8.280364076780000193e-01
4.976005855410000067e-01
7.012076782210000525e-01
7.155045861400000096e-01
4.888723987690000161e-01
8.142095941229999800e-01
5.632029664430000526e-01
5.998754996720000454e-01
7.961341332929999792e-01
4.768098616179999860e-01
7.498952313600000252e-01
6.637476141450000533e-01
5.188233020850000488e-01
8.290897511700000555e-01
5.098606024530000225e-01
6.965605422060000551e-01
7.135347130360000234e-01
5.057429610410000276e-01
8.426872537570000432e-01
5.020947686000000187e-01
7.560519900000000071e-01
6.402424435379999723e-01
6.002265604519999576e-01
7.866110960569999699e-01
5.091602356859999956e-01
8.661570493269999949e-01
4.896848600470000146e-01
8.799596369269999663e-01
5.040080175969999798e-01
8.676263188789999914e-01
5.221146919350000415e-01
8.582286574640000110e-01
5.313905937839999982e-01
8.602450018060000536e-01
5.308127240169999705e-01
8.704676405519999882e-01
5.246446719940000003e-01
8.817968029410000463e-01
5.173880205040000124e-01
8.880063329039999953e-01
5.122603887750000196e-01
8.856485106970000132e-01
5.111095389740000217e-01
8.718067681140000413e-01
5.179485015410000281e-01
8.390258699249999452e-01
5.435768044869999649e-01
7.741277189509999657e-01
6.064748324459999784e-01
6.701244307949999479e-01
7.175305786890000537e-01
5.491285753789999502e-01
8.320342419840000003e-01
4.803172273549999871e-01
8.221884547919999786e-01
5.585667064010000349e-01
6.470970466990000336e-01
7.578441159259999838e-01
4.843241711119999904e-01
8.190929575950000041e-01
5.573185220299999854e-01
6.175966800309999893e-01
7.613303069319999894e-01
7.036325419200000209e-01
7.026520801800000271e-01
7.031692509300000449e-01
7.051326231369999809e-01
7.079635379159999742e-01
7.108060098309999519e-01
7.127783974720000026e-01
7.133954493840000133e-01
7.126690492510000530e-01
7.111651181300000513e-01
7.097201932090000387e-01
7.092196653340000490e-01
7.101619363990000489e-01
7.125279558089999687e-01
7.158180590999999593e-01
7.191650273840000107e-01
7.217245424760000416e-01
7.229397387629999949e-01
7.228002557930000016e-01
7.217593503670000077e-01
7.206572265070000372e-01
7.203274627660000151e-01
7.213439506729999451e-01
7.237743192969999795e-01
7.272168794029999495e-01
7.308827046789999615e-01
7.339032832770000514e-01
7.356971252749999746e-01
7.360806321720000378e-01
7.354167260739999934e-01
7.344108179830000083e-01
7.339283660490000250e-01
7.345946623110000129e-01
7.366751237069999458e-01
7.399062759669999823e-01
7.436227996819999575e-01
7.469918028280000399e-01
7.493223040349999975e-01
7.502763807079999570e-01
7.499711073820000129e-01
7.490015593409999894e-01
7.481393184960000164e-01
7.481476375200000195e-01
7.494474593609999902e-01
7.520540978619999484e-01
7.554733027940000456e-01
7.589842685380000509e-01
2.852525173450000118e-01
4.110521697810000097e-01
2.815234071309999919e-01
2.383699027520000124e-01
4.140609143030000161e-01
2.052678694460000064e-01
2.823551234719999803e-01
3.718548893720000081e-01
1.561197325819999870e-01
2.865067133509999753e-01
3.201358185090000252e-01
1.160038622230000066e-01
2.240141303519999905e-01
2.869247639799999972e-01
1.079655638619999997e-01
7.773072347800000226e-02
2.134263854940000038e-01
2.388471742820000021e-01
1.066530276429999979e-01
1.270741789779999964e-01
3.147205040580000057e-01
2.199627750289999961e-01
1.488899749260000072e-01
3.611855133269999962e-01
2.517390540589999892e-01
1.991938300390000138e-01
4.019648289500000193e-01
2.292692543469999900e-01
2.725950416330000237e-01
4.067470285829999921e-01
1.939684968510000107e-01
3.606898014909999950e-01
3.567607916350000186e-01
2.024763072140000064e-01
4.252016923510000268e-01
2.725511708669999811e-01
2.702554071709999950e-01
4.252505231020000109e-01
2.023834282439999910e-01
3.511999919709999918e-01
3.619241638380000237e-01
1.889245473060000013e-01
3.981862399930000129e-01
2.764139441289999999e-01
2.144110256869999898e-01
3.935685135070000062e-01
2.048491645470000011e-01
2.220636151469999875e-01
3.547307626919999901e-01
1.583201308180000044e-01
1.687423385790000063e-01
2.980250765910000266e-01
1.658655087149999985e-01
4.761538866560000027e-02
1.655539507959999934e-01
2.609113041710000025e-01
1.526905821819999898e-01
8.382700282299999917e-02
2.789784173379999954e-01
2.741517200810000277e-01
1.269514455749999882e-01
3.178891285279999979e-01
3.122448562380000237e-01
1.621125943199999975e-01
3.777897101339999786e-01
2.919133198969999787e-01
2.121122537469999902e-01
4.212623441359999998e-01
2.370021095250000043e-01
2.958471674090000225e-01
4.094487790640000124e-01
1.948971237069999918e-01
3.871374162549999776e-01
3.373396576939999836e-01
2.207688988979999989e-01
4.351165081669999823e-01
2.457341648159999947e-01
2.985211545129999866e-01
4.087805730649999858e-01
1.891831747519999996e-01
3.694068288730000260e-01
3.312482867350000082e-01
1.909901596459999962e-01
3.945449867299999913e-01
2.491183084059999941e-01
2.068891392290000131e-01
3.723937750490000087e-01
1.890212737130000098e-01
1.812405725429999948e-01
3.217080923960000116e-01
1.687590294859999951e-01
8.273288110199999990e-02
2.155149570740000076e-01
2.380879708950000007e-01
1.023808390080000047e-01
7.855864261160000472e-02
2.629491407310000084e-01
2.548816392309999901e-01
1.116388871330000060e-01
2.829822462900000168e-01
3.877901554279999941e-01
5.670859363860000224e-01
3.907584163019999779e-01
4.125360589470000172e-01
5.561589315079999984e-01
8.479347590100000387e-01
8.210623950330000476e-01
7.334742899759999490e-01
5.273718268929999953e-01
3.883170610469999784e-01
4.074633460020000153e-01
6.034129573659999801e-01
8.628165914769999612e-01
8.135553569160000054e-01
7.291955701029999570e-01
4.863128810960000159e-01
3.841508586530000269e-01
4.091894848670000195e-01
6.543221524760000074e-01
8.688573570040000194e-01
8.141560262799999448e-01
7.164812540920000306e-01
4.489990974479999841e-01
3.770681967210000041e-01
4.200338782490000145e-01
7.042729164290000288e-01
8.687742992089999561e-01
8.182304821770000069e-01
6.924928714360000237e-01
4.186104050639999907e-01
3.696882392440000165e-01
4.416277913309999970e-01
7.493301857769999463e-01
8.651864121300000265e-01
8.206734135150000053e-01
6.567603108589999961e-01
3.965817116079999871e-01
3.651646963810000202e-01
4.743770746989999787e-01
7.854094483610000177e-01
8.605643841060000021e-01
8.192543526190000369e-01
6.121273964929999645e-01
3.816900939949999794e-01
3.654023174520000250e-01
5.166563815410000204e-01
8.104686929609999924e-01
8.575041150569999715e-01
8.131746373039999698e-01
5.635376964560000479e-01
3.710942522160000090e-01
3.707482808249999984e-01
5.647122165760000145e-01
8.254825596260000342e-01
8.572688587769999868e-01
8.005018092469999846e-01
5.157379233140000352e-01
3.635746128239999986e-01
3.807435744970000258e-01
6.145525049669999795e-01
8.333142479339999964e-01
8.592908624489999925e-01
7.783312343360000440e-01
4.728574398120000133e-01
3.600414635940000219e-01
3.957547950290000172e-01
6.618426705950000155e-01
8.361345022489999890e-01
8.623829614429999735e-01
7.449278014610000165e-01
4.382830657249999762e-01
3.613186696540000020e-01
4.179043062730000146e-01
7.018627740709999507e-01
8.352190803669999886e-01
8.645116836189999932e-01
7.017243431940000109e-01
4.138717220729999924e-01
3.668702057100000080e-01
4.486708018519999785e-01
7.306197752259999678e-01
8.319428901900000062e-01
8.636519443550000341e-01
6.523712213829999662e-01
3.993021658429999898e-01
3.743777370010000216e-01
4.869762568889999810e-01
7.478186863169999921e-01
8.297508253269999523e-01
8.576356986930000481e-01
6.009839460589999627e-01
3.935669674789999961e-01
3.809891289730000241e-01
5.297138600390000063e-01
7.558910300950000272e-01
8.329572017630000325e-01
8.436374116910000387e-01
5.519618577889999766e-01
3.951097532119999811e-01
3.862801054009999957e-01
4.971660994759999896e-01
3.474997060710000030e-01
5.462634606539999993e-01
3.989156090959999901e-01
4.776758994409999737e-01
4.706209654610000181e-01
4.353830655750000056e-01
5.349262790680000546e-01
4.184790033110000196e-01
5.462361914159999943e-01
3.892933056349999754e-01
5.223663128200000116e-01
3.360128919309999795e-01
5.395701519259999968e-01
2.763876263999999749e-01
5.946923447619999470e-01
2.385033422900000033e-01
5.981315286010000509e-01
2.459973767259999999e-01
5.467116676109999851e-01
2.892190603590000242e-01
5.313583632389999867e-01
3.381319935850000125e-01
5.610015207330000253e-01
3.739529673449999980e-01
5.539518070669999794e-01
4.047849978549999950e-01
4.907495146849999990e-01
4.577756015630000119e-01
4.257068623670000052e-01
5.293611832860000144e-01
3.888019307839999938e-01
5.652885276189999475e-01
3.585708477890000023e-01
5.430633835749999472e-01
3.145994748589999723e-01
5.310329811789999965e-01
2.646864529419999945e-01
5.768736321730000283e-01
2.367365999780000063e-01
6.063720649010000407e-01
2.541261213759999915e-01
5.649089792849999458e-01
3.069466814440000024e-01
5.222062284439999980e-01
3.654507282519999789e-01
5.362799679590000146e-01
4.062487818609999968e-01
5.486799181960000382e-01
4.252791847849999862e-01
5.042761952380000467e-01
4.527834821469999826e-01
4.299270875860000118e-01
5.150324066179999827e-01
3.698090239110000121e-01
5.721865959170000515e-01
3.265482837909999825e-01
5.671043910669999466e-01
2.829827701509999849e-01
5.347140178379999886e-01
2.396959222030000114e-01
5.567323622619999579e-01
2.212145649889999954e-01
6.020546435489999570e-01
2.478563452260000022e-01
5.835282015999999627e-01
3.086509331030000136e-01
5.259012640510000169e-01
3.789218151689999758e-01
5.128529880929999507e-01
4.331814609510000191e-01
5.302474395489999992e-01
4.544653182819999859e-01
5.093219852100000500e-01
4.613200970799999912e-01
4.416688137709999795e-01
5.003845809500000463e-01
3.662125518839999816e-01
5.659989640070000050e-01
3.048551410629999903e-01
5.866366220719999580e-01
2.534057942490000048e-01
5.499920964100000198e-01
2.125632817820000131e-01
5.417542934639999475e-01
2.031077822990000059e-01
5.862816651640000432e-01
2.370797535149999913e-01
5.952265837479999711e-01
3.008395778560000178e-01
5.399528602409999767e-01
3.772673045669999725e-01
4.981150033280000167e-01
4.469098636230000032e-01
5.037716361820000488e-01
4.829240953369999811e-01
5.006550970880000451e-01
4.824992182030000132e-01
4.508184794380000193e-01
4.935996425290000156e-01
2.061029307989999948e-01
2.515207119230000177e-01
2.704684751279999855e-01
2.215902947729999906e-01
1.245628404559999958e-01
1.190194503700000017e-01
2.145766623810000107e-01
2.655928275150000184e-01
2.500116644400000032e-01
1.721914501440000023e-01
9.738550654479999347e-02
1.699666796529999968e-01
2.473867409230000036e-01
2.634367506599999964e-01
2.133017920520000055e-01
1.192138025249999955e-01
1.249907834110000060e-01
2.216122768400000109e-01
2.705537288109999827e-01
2.516398204129999816e-01
1.699325968070000137e-01
9.561399578319999815e-02
1.735452117790000082e-01
2.505001092410000241e-01
2.651090819870000059e-01
2.129395576199999973e-01
1.184626266569999975e-01
1.265367089459999983e-01
2.194817482850000001e-01
2.648072840340000011e-01
2.435428836109999884e-01
1.623000577050000004e-01
9.700407355600000614e-02
1.810032023239999954e-01
2.568655878769999790e-01
2.686775112079999861e-01
2.126956386559999967e-01
1.153277780799999985e-01
1.288411842659999973e-01
2.226162192130000106e-01
2.666528214900000249e-01
2.438743972690000095e-01
1.609229076500000022e-01
9.855471398430000474e-02
1.808564395020000048e-01
2.527599124789999818e-01
2.615052191269999771e-01
2.044453836590000018e-01
1.105722947960000035e-01
1.352467841280000083e-01
2.300451694800000058e-01
2.720770525360000081e-01
2.455443202020000104e-01
1.589060775280000115e-01
9.782097052669999626e-02
1.839045716980000078e-01
2.548046265180000103e-01
2.621279496810000054e-01
2.031761218629999921e-01
1.101299857829999979e-01
1.370367420199999908e-01
2.277797195909999906e-01
2.661579281190000201e-01
2.376611531030000113e-01
1.514862379230000056e-01
1.003908236959999978e-01
1.916078204140000130e-01
2.615758529889999906e-01
2.658821297300000275e-01
2.032305837820000127e-01
1.072599358630000055e-01
1.391583017730000094e-01
2.300292453870000087e-01
2.670919798320000038e-01
2.367818166579999939e-01
1.496988224420000013e-01
1.025878677379999937e-01
1.914239458429999874e-01
2.574425397990000031e-01
2.587388732209999764e-01
1.950280785069999911e-01
1.034372471050000047e-01
1.462196117219999869e-01
2.377824055470000031e-01
2.725337632209999805e-01
2.388197117430000127e-01
1.478255021850000128e-01
1.025267602419999979e-01
1.936954029150000089e-01
2.584807620849999821e-01
2.582385856130000046e-01
1.931841450629999957e-01
1.034613051160000047e-01
1.478780055470000077e-01
2.354888717099999917e-01
2.668402539609999735e-01
2.309201880639999982e-01
1.406737382690000093e-01
1.062821750950000005e-01
2.017703630380000002e-01
5.656320909950000031e-01
3.620982560950000151e-01
4.695298643029999774e-01
5.424629820940000124e-01
5.626804809800000085e-01
5.611042949760000065e-01
5.031859072090000273e-01
4.175879238469999977e-01
2.729923313909999871e-01
1.635971918970000050e-01
2.762174568610000214e-01
4.206999036390000057e-01
5.032963108419999942e-01
5.620874351979999739e-01
5.636498979680000243e-01
5.395065306480000267e-01
4.697682052530000041e-01
3.581506504029999816e-01
2.037429397330000058e-01
1.973075130309999980e-01
3.450754590880000250e-01
4.682061366529999824e-01
5.308487991929999872e-01
5.691883482439999975e-01
5.597611152510000299e-01
5.092639388390000077e-01
4.263017104940000079e-01
2.892116464130000120e-01
1.630162067260000069e-01
2.650131779889999817e-01
4.053062468590000189e-01
5.043164211280000142e-01
5.535616741990000422e-01
5.656611990809999879e-01
5.467022967019999902e-01
4.727202913069999957e-01
3.712856692209999809e-01
2.168424675550000014e-01
1.880779853860000128e-01
3.339482264060000261e-01
4.564560229590000073e-01
5.297079546770000480e-01
5.691168418230000414e-01
5.561330922360000484e-01
5.218222785239999828e-01
4.292677980669999949e-01
3.050298296369999829e-01
1.651840669250000115e-01
2.550273975669999915e-01
3.937791231539999881e-01
4.987004214410000191e-01
5.470730698179999685e-01
5.732695567879999565e-01
5.428321199410000020e-01
4.858905060100000006e-01
3.767281172520000054e-01
2.324867740949999873e-01
1.764921615979999914e-01
3.265281854880000001e-01
4.435219622750000146e-01
5.309216014450000021e-01
5.598257817020000360e-01
5.646098846110000347e-01
5.235575474039999566e-01
4.408053962349999799e-01
3.137387892180000248e-01
1.732932214260000103e-01
2.391838400109999874e-01
3.892927182379999906e-01
4.850386087110000188e-01
5.514779076319999973e-01
5.683528993840000210e-01
5.464100454820000063e-01
4.947411552450000083e-01
3.870716328439999798e-01
2.432404704810000040e-01
1.694834236249999904e-01
3.119453016000000023e-01
4.404721576739999978e-01
5.200512961690000324e-01
5.610113235710000312e-01
5.687538860220000547e-01
5.226714461110000265e-01
4.546608751849999797e-01
3.241447711550000110e-01
1.811273754290000093e-01
2.240808696940000122e-01
3.781844827509999729e-01
4.805076568419999750e-01
5.479094838210000207e-01
5.634358545080000447e-01
5.570479096939999764e-01
4.939624242690000000e-01
4.033648292700000026e-01
2.536940309799999849e-01
1.667671324910000030e-01
2.950258093550000016e-01
4.342382871350000118e-01
5.116059108899999597e-01
5.654681929070000113e-01
5.419699528500000474e-01
5.532809372800000514e-01
5.526390474629999661e-01
5.006702324990000008e-01
5.005739983089999567e-01
5.486932645609999826e-01
5.414887247449999830e-01
4.895067049560000161e-01
4.968131317910000067e-01
5.436597687430000381e-01
5.277162018619999673e-01
4.782438588269999902e-01
4.963341724620000117e-01
5.399822494460000399e-01
5.140348121440000417e-01
4.709411862680000227e-01
5.014111809250000329e-01
5.388714549859999758e-01
5.035278821219999479e-01
4.707055777399999918e-01
5.120449947640000055e-01
5.406254658760000220e-01
4.984768224869999820e-01
4.775372265760000068e-01
5.259463509639999979e-01
5.448192558140000363e-01
4.988374987740000210e-01
4.884351547779999803e-01
5.398766996320000233e-01
5.502233479329999843e-01
5.024213931359999830e-01
4.992915417459999894e-01
5.511631717699999600e-01
5.549554177230000551e-01
5.061100253539999594e-01
5.070718173620000213e-01
5.580773496569999548e-01
5.570807977939999933e-01
5.072327649560000040e-01
5.104315564079999756e-01
5.601508187939999717e-01
5.549899683219999824e-01
5.042633706189999510e-01
5.096276045650000031e-01
5.579218770310000464e-01
5.480390000729999933e-01
4.969399512120000195e-01
5.062683121380000539e-01
5.528255127019999771e-01
5.366009900920000186e-01
4.866963585819999993e-01
5.029335070229999927e-01
5.467634702500000499e-01
5.223740258300000328e-01
4.765662492369999725e-01
5.026921385660000352e-01
5.415288153039999886e-01
5.081827026949999881e-01
4.706055894389999938e-01
5.076217359450000410e-01
5.385275845439999598e-01
4.973666408510000192e-01
4.717702245929999982e-01
5.177489536029999950e-01
5.383986478429999556e-01
4.923643707600000030e-01
4.799087934660000165e-01
5.309555271739999638e-01
5.410779013199999987e-01
4.931098341699999832e-01
4.918894712660000224e-01
5.442872845030000128e-01
5.454721512040000553e-01
4.972499035669999956e-01
5.036009263109999523e-01
5.552018063100000456e-01
5.497236199870000339e-01
5.014889831069999637e-01
5.120630630510000225e-01
5.619734165730000397e-01
5.517063932760000178e-01
5.031705797759999932e-01
5.159374949880000116e-01
5.639981470689999776e-01
5.496435577960000485e-01
5.007983084549999520e-01
5.155754935009999596e-01
5.615680200110000353e-01
5.427093464840000436e-01
4.942310897809999992e-01
5.125807880089999768e-01
5.559307052569999463e-01
5.311544680280000374e-01
4.849487166029999852e-01
5.095044306720000193e-01
5.487955756260000095e-01
5.166958044870000322e-01
4.760058516149999752e-01
5.092438554320000144e-01
5.420079836019999764e-01
8.091645513409999324e-02
1.274459321839999937e-01
1.027751663909999974e-01
8.637708667549999497e-02
8.368368661380000406e-02
8.693562054219999835e-02
9.784349562480000595e-02
1.206823508429999969e-01
1.461483658559999954e-01
1.660495174319999989e-01
1.842688213199999980e-01
2.073486172990000043e-01
2.316693597560000040e-01
2.488223926439999956e-01
2.582392214820000143e-01
2.679015159149999992e-01
2.824085360079999774e-01
2.958692253920000015e-01
3.005474118400000005e-01
2.975410155079999952e-01
2.953730359389999949e-01
2.981954299630000249e-01
2.998272399579999803e-01
2.926021837989999930e-01
2.778254222339999746e-01
2.639969711280000242e-01
2.548901686910000075e-01
2.439781360040000069e-01
2.244755325920000100e-01
1.994730253379999874e-01
1.775335338709999877e-01
1.595956373849999888e-01
1.382675181770000039e-01
1.124718809300000039e-01
9.261964906179999402e-02
8.517154528579999606e-02
8.383375004439999612e-02
9.024649789449999682e-02
1.104071196789999931e-01
1.352402850199999895e-01
1.553570090499999945e-01
1.740097541089999922e-01
1.976811166720000013e-01
2.227539402860000128e-01
2.407924310239999977e-01
2.513037448859999912e-01
2.622968260860000234e-01
2.780708954119999743e-01
2.924713942630000063e-01
2.979593139360000031e-01
2.960594373129999957e-01
2.953495355870000005e-01
2.995580973740000208e-01
3.021786909609999738e-01
2.957491344939999767e-01
2.820072381689999741e-01
2.695257604210000157e-01
2.617269071469999764e-01
2.518481434920000206e-01
2.332065859730000079e-01
2.089840603110000028e-01
1.877138433499999925e-01
1.703190587860000105e-01
1.492804955819999890e-01
1.228658860160000005e-01
1.005104660240000031e-01
8.906808317490000348e-02
8.324240678539999994e-02
8.444337683159999774e-02
1.009131558370000015e-01
1.245881626500000006e-01
1.446513107930000042e-01
1.635238499090000130e-01
1.876407528169999894e-01
2.133943735840000133e-01
2.322859067340000139e-01
2.438914862350000101e-01
2.561828668610000026e-01
2.731850480699999917e-01
2.885113625990000097e-01
2.948245257139999742e-01
2.940511125090000122e-01
2.948199699449999822e-01
3.004050557949999867e-01
3.039623460379999864e-01
2.983318196729999872e-01
2.856499750540000271e-01
2.745491401530000264e-01
2.680730635019999974e-01
2.592198415859999772e-01
2.414336881680000102e-01
2.180602953390000098e-01
1.976078355739999959e-01
1.808981689230000078e-01
1.603314839609999987e-01
1.336750415590000074e-01
1.095903525509999976e-01
9.502134242449999935e-02
8.522692923090000039e-02
8.088968079739999872e-02
5.647728569929999498e-01
4.219950031499999921e-01
1.785701098549999921e-01
2.299053343970000052e-01
4.857743845629999835e-01
4.950011401519999743e-01
2.269792304659999926e-01
1.381595017480000132e-01
3.116459478279999806e-01
5.170355302010000154e-01
3.690636741480000094e-01
1.403018613819999871e-01
8.252966326159999477e-02
1.909036020919999965e-01
3.927511309550000274e-01
4.454246764640000245e-01
2.291782089520000010e-01
9.228661372849999989e-02
5.794433430879999958e-02
8.115897812210000339e-02
1.462298043749999943e-01
2.742945204280000104e-01
4.256244415820000238e-01
3.752063671970000125e-01
2.013069398879999972e-01
1.423481723629999862e-01
2.356665578459999910e-01
3.966263072339999973e-01
4.154680110780000213e-01
2.682208624210000170e-01
1.481081910289999970e-01
1.180040317160000046e-01
2.141303928870000040e-01
4.078081572610000038e-01
4.054062458559999915e-01
2.241650391570000067e-01
1.082856342689999946e-01
5.359424257610000131e-02
8.878981305140000446e-02
2.398442420080000026e-01
4.573319846280000101e-01
4.447164360659999760e-01
2.319064980130000064e-01
9.771046668409999469e-02
1.306822615409999888e-01
2.985463644360000224e-01
4.807156666990000105e-01
3.849791430580000173e-01
1.734015241709999933e-01
5.698681651080000216e-02
1.807651917279999923e-02
6.279014493640000527e-02
1.721894368830000077e-01
3.668402149469999762e-01
4.786445603999999743e-01
3.198844668090000121e-01
1.438704589510000076e-01
5.493645518970000086e-02
5.108149581779999893e-02
9.987802978960000355e-02
1.971368962870000130e-01
3.662233362519999869e-01
4.327113721720000084e-01
2.564193937149999991e-01
1.355838328700000039e-01
1.537691270840000068e-01
2.743704293109999748e-01
4.174935569889999809e-01
3.915920355670000075e-01
2.350517925800000019e-01
1.427774687660000041e-01
1.951880255260000085e-01
3.689363627180000105e-01
4.266902098659999809e-01
2.740753463969999859e-01
1.456902973699999992e-01
8.025027791680000577e-02
4.951377246569999696e-02
4.980705295469999710e-02
1.170927037240000051e-01
2.975160048020000225e-01
4.779097480899999750e-01
3.293891330770000181e-01
1.462175483740000004e-01
8.962983128470000671e-02
2.420613229149999879e-01
4.950455672190000045e-01
4.351759614619999939e-01
2.007892212719999958e-01
1.560042992519999894e-01
3.873056310429999760e-01
5.539727079799999787e-01
3.267741541290000162e-01
1.599570259729999888e-01
3.233447055479999888e-01
5.705177558559999529e-01
4.060771089849999904e-01
1.817803869159999863e-01
2.917213608890000254e-01
5.632623522659999660e-01
8.383502070350000446e-02
1.102126193169999935e-01
7.916496097130000520e-02
1.205083850110000021e-01
1.770582326150000052e-01
2.034102387470000106e-01
1.818135885490000103e-01
1.261079101379999901e-01
7.767683016699999943e-02
9.834627244749999386e-02
1.543774415159999969e-01
1.919128096080000012e-01
1.861936380900000021e-01
1.398072642959999889e-01
8.207529170610000646e-02
7.151950886840000021e-02
1.205216268729999984e-01
1.677481703810000113e-01
1.824362591220000107e-01
1.548381255240000032e-01
1.008469641519999932e-01
5.691805164319999749e-02
8.124612036509999691e-02
1.344504398930000122e-01
1.712542311480000079e-01
1.706615040829999874e-01
1.330051193979999991e-01
7.976495059799999787e-02
5.722488347960000277e-02
1.021842755919999957e-01
1.557528355230000106e-01
1.823156370150000039e-01
1.666116633870000086e-01
1.189313208629999979e-01
7.054607388689999870e-02
8.290435876519999803e-02
1.408427153750000105e-01
1.865437858650000058e-01
1.912460157720000109e-01
1.530554949450000091e-01
9.712730149510000188e-02
7.795003946810000195e-02
1.271879399779999864e-01
1.825319353050000037e-01
2.032451788990000119e-01
1.760910995590000139e-01
1.193444892030000037e-01
7.902480280989999939e-02
1.113316519599999999e-01
1.692936068689999962e-01
2.021572957130000070e-01
1.879494140029999982e-01
1.355275928930000096e-01
8.171184639240000602e-02
9.034921010700000532e-02
1.453639804640000088e-01
1.879645513659999878e-01
1.897859936999999886e-01
1.486001575129999863e-01
8.984422930100000038e-02
6.689819262330000404e-02
1.109261358050000063e-01
1.610407722680000098e-01
1.824828027419999887e-01
1.615769021060000088e-01
1.102754798109999990e-01
6.056816827969999789e-02
7.277661474700000688e-02
1.255733332589999973e-01
1.671693317740000073e-01
1.737735233190000061e-01
1.414615889710000018e-01
8.879859918019999965e-02
5.570983257639999797e-02
9.286795531279999627e-02
1.483204791780000087e-01
1.812146824850000004e-01
1.725266318570000124e-01
1.284431610890000020e-01
7.672732904710000135e-02
7.614164362649999962e-02
1.317344138200000070e-01
1.819649667129999981e-01
1.942157522809999926e-01
1.616317885499999885e-01
1.058310846979999970e-01
7.575713050830000517e-02
1.178218599930000027e-01
1.756330196180000136e-01
2.033823450950000000e-01
1.832113821749999927e-01
1.287558805829999986e-01
8.113908067149999681e-02
1.026781128620000011e-01
1.608640162920000061e-01
1.997023045540000097e-01
1.930703743559999963e-01
1.448438807090000058e-01
8.752235692660000066e-02
8.346986899819999750e-02
2.807344037549999727e-01
4.750485075709999783e-01
1.102226226999999947e-01
1.367990890570000007e-01
5.317318303910000266e-01
5.348641666410000051e-01
7.756993688219999961e-02
5.145806458649999637e-01
5.974217384429999500e-01
4.705545981720000298e-02
3.119971725760000147e-01
1.029530976359999961e-01
6.296503307330000299e-01
8.615964140449999809e-02
3.658821833609999796e-01
5.443293367629999935e-01
2.548282083960000111e-01
1.769728708249999893e-01
2.075682256899999967e-01
2.386428078130000130e-01
2.694603879349999898e-01
3.246514318670000177e-01
4.127793375150000110e-01
5.158998509950000200e-01
5.914504661780000117e-01
5.912982557710000364e-01
4.754906323940000235e-01
2.208589331199999894e-01
7.100731571630000682e-02
5.973392134960000543e-01
6.515360966630000528e-01
4.795373161970000186e-01
4.129669022670000023e-01
4.148625611560000093e-01
4.558954987450000162e-01
5.231190800180000045e-01
6.060231131640000379e-01
6.894435851469999932e-01
7.505421450629999880e-01
7.688015432589999643e-01
7.329035670850000406e-01
6.232511515969999527e-01
4.086548763369999837e-01
1.495559867800000109e-01
1.707579954979999981e-01
6.842042036359999857e-01
5.783604632109999866e-01
5.015711415529999773e-01
5.346696947869999939e-01
6.363894816799999798e-01
7.718166530550000237e-01
8.719331990390000175e-01
8.674962026850000507e-01
7.880820623149999982e-01
7.209700758039999657e-01
7.215138587699999606e-01
7.116708552199999538e-01
1.267212404270000037e-01
1.465816004540000106e-01
3.655449999190000243e-01
5.719867244889999952e-02
4.812536423700000121e-01
3.003069262729999855e-01
1.254260125040000118e-01
1.615289392220000120e-01
1.952406559619999926e-01
2.210991957050000012e-01
2.745500700810000194e-01
3.517552861289999777e-01
4.022400337640000267e-01
3.529761468779999967e-01
1.655117408089999964e-01
7.305317698369999391e-02
6.665739957320000464e-01
3.497773487820000221e-02
6.203000683939999815e-01
3.818054927549999755e-01
6.683823400770000367e-02
4.004840812970000274e-01
6.228051785410000374e-01
6.900614785919999550e-01
6.580833314940000012e-01
5.568057262090000403e-01
4.353239446130000023e-01
3.361740000030000175e-01
2.723157813700000096e-01
2.327394492039999985e-01
2.031336023910000066e-01
2.237124750660000050e-01
5.039248696700000529e-01
5.196984894210000538e-01
1.789681294450000126e-01
1.830468861990000029e-01
2.765312752529999751e-01
3.444096793049999938e-01
3.649734230330000107e-01
3.503532385540000238e-01
3.222094908959999837e-01
2.970261223699999786e-01
2.812794620760000197e-01
