3.752949325279999915e+00 8.343289567570000287e-01 6.039922664689999499e-01 5.000000000000000000e+00
6.957787640580000321e+00 5.182192719979999973e-01 8.680555686730000442e-01 1.000000000000000000e+00
6.697897312880000342e+00 6.295282021120000016e-01 1.263549051600000028e-01 2.000000000000000000e+00
5.841726722009999762e+00 6.426138541010000260e-01 2.917501279560000271e-01 1.000000000000000000e+00
5.599880934339999783e+00 3.817111425279999803e-01 2.062284054569999969e-01 2.000000000000000000e+00
5.751780980040000379e+00 4.714284409160000022e-01 5.723926005880000112e-01 1.000000000000000000e+00
7.439248255779999930e+00 4.762549033130000220e-01 4.854521917460000169e-01 1.000000000000000000e+00
6.272422788170000096e+00 3.041573997359999781e-01 6.109637144630000183e-01 1.000000000000000000e+00
6.109837062110000439e+00 7.822990115260000099e-01 7.267800242050000137e-02 5.000000000000000000e+00
6.216463202539999955e+00 9.072752021459999927e-01 8.654210938249999874e-01 2.000000000000000000e+00
6.941236526189999978e+00 9.149859182789999990e-01 3.032192173209999897e-01 1.000000000000000000e+00
6.314944333619999739e+00 7.178339181170000360e-01 7.472740841020000246e-01 1.000000000000000000e+00
5.800478944930000047e+00 3.715786376640000110e-01 3.045298902860000267e-01 5.000000000000000000e+00
6.274220648520000054e+00 3.571742397259999868e-01 3.535470405400000238e-01 4.000000000000000000e+00
5.979312342050000062e+00 6.968902057200000444e-01 7.202453836300000134e-01 3.000000000000000000e+00
5.904203026380000274e+00 5.825295413529999466e-01 3.363005281720000128e-01 5.000000000000000000e+00
5.394457520989999644e+00 4.052976086990000004e-01 2.957397909280000126e-01 2.000000000000000000e+00
6.667001338160000401e+00 5.240416605940000361e-01 3.704782183129999851e-01 4.000000000000000000e+00
6.800527772649999747e+00 3.560937799930000147e-01 8.082602688069999708e-01 3.000000000000000000e+00
6.257864575290000175e+00 1.622272286139999839e-02 7.899307101739999615e-01 1.000000000000000000e+00
6.031134352329999615e+00 6.492188881310000381e-01 3.496940187850000048e-01 4.000000000000000000e+00
6.157052907689999799e+00 3.821923215560000253e-01 4.403279005010000136e-01 2.000000000000000000e+00
5.853887253619999953e+00 4.995247753670000179e-01 1.311589522960000087e+00 5.000000000000000000e+00
6.230658619009999732e+00 7.766034289390000289e-01 1.994964161530000113e-01 1.000000000000000000e+00
5.963180441959999634e+00 2.566298838009999916e-01 5.470437976369999511e-01 4.000000000000000000e+00
6.408614746549999630e+00 4.474306403070000271e-01 4.540224156550000112e-01 2.000000000000000000e+00
5.822235960749999606e+00 7.613303069319999894e-01 6.070557655449999590e-01 4.000000000000000000e+00
7.102955302619999856e+00 4.971660994759999896e-01 8.322003676239999592e-01 1.000000000000000000e+00
5.724137763239999899e+00 5.419699528500000474e-01 2.626550846940000072e-01 1.000000000000000000e+00
6.428455610160000333e+00 8.091645513409999324e-02 1.679316239760000051e-01 1.000000000000000000e+00
5.667726917369999562e+00 5.647728569929999498e-01 6.232713953920000494e-01 1.000000000000000000e+00
6.052794768850000118e+00 2.807344037549999727e-01 8.284053122750000275e-01 5.000000000000000000e+00
