5.178724507060000093e+01 3.745035650379999748e-01 1.443284245279999878e-01 1.000000000000000000e+00
3.752949399379999829e+00 8.532311362779999575e-01 6.216822039329999994e-01 5.000000000000000000e+00
1.911278838990000040e+01 4.166010236809999934e-01 3.388197216230000031e-01 5.000000000000000000e+00
4.687096233190000021e+02 3.773352613959999879e-01 2.575808192030000221e-01 4.000000000000000000e+00
6.957787640580000321e+00 5.182192719979999973e-01 8.680555686730000442e-01 1.000000000000000000e+00
1.994915572189999864e+02 2.510320239130000020e-01 1.072225525750000047e-01 4.000000000000000000e+00
5.051803953480000331e+01 3.787209665280000248e-01 4.902600056259999728e-01 5.000000000000000000e+00
3.089614853250000124e+02 3.836786541810000006e-01 3.750033348030000213e-01 5.000000000000000000e+00
8.327175022240000146e+01 4.330232421269999965e-01 5.699338659599999524e-01 2.000000000000000000e+00
6.697897312880000342e+00 6.295282021120000016e-01 1.263549051600000028e-01 2.000000000000000000e+00
1.234903125740000007e+02 5.274044094590000231e-01 3.312166394430000049e-01 4.000000000000000000e+00
1.362469269700000041e+02 3.924577754249999884e-01 1.040904426269999988e-01 4.000000000000000000e+00
5.787295169200000089e+01 2.545879933490000080e-01 1.556228104980000027e-01 3.000000000000000000e+00
3.568758437170000093e+02 1.989482375820000037e-01 1.226348584910000039e-01 3.000000000000000000e+00
4.952550141300000064e+01 8.803543043789999745e-01 3.052710497250000210e-01 2.000000000000000000e+00
3.705582421450000083e+02 3.956476484940000260e-01 4.503735789600000206e-01 5.000000000000000000e+00
5.395479573640000126e+01 8.107761031889999526e-01 4.713554027669999980e-01 2.000000000000000000e+00
2.005109413870000168e+01 4.239492552770000033e-01 3.920524005370000231e-01 1.000000000000000000e+00
1.162545255280000021e+02 4.307240400119999868e-01 1.955983830530000078e-01 4.000000000000000000e+00
5.842239659049999645e+00 6.792101135850000526e-01 2.960756949319999776e-01 1.000000000000000000e+00
3.022749942460000128e+01 4.969841903910000025e-01 2.530863252919999806e-01 2.000000000000000000e+00
3.987006280190000211e+02 6.375227762659999575e-01 1.145907301809999945e-01 5.000000000000000000e+00
5.599880934339999783e+00 3.817111425279999803e-01 2.062284054569999969e-01 2.000000000000000000e+00
5.751780980040000379e+00 4.714284409160000022e-01 5.723926005880000112e-01 1.000000000000000000e+00
1.312688678039999957e+02 6.064897948340000067e-01 2.856122394649999729e-01 5.000000000000000000e+00
1.662055420709999964e+01 5.318527956909999688e-01 8.672755870739999595e-02 2.000000000000000000e+00
7.439248255779999930e+00 4.762549033130000220e-01 4.854521917460000169e-01 1.000000000000000000e+00
3.762255311450000050e+01 3.926153934189999806e-01 5.389895965400000044e-01 3.000000000000000000e+00
5.006604015899999922e+02 6.374494585179999451e-01 2.249178188759999863e-01 4.000000000000000000e+00
4.239421796519999930e+02 4.642530036440000174e-01 3.717546552880000021e-01 1.000000000000000000e+00
7.669807834510000077e+01 5.671804702089999761e-01 7.763375787909999604e-01 4.000000000000000000e+00
6.272422788170000096e+00 3.041573997359999781e-01 6.109637144630000183e-01 1.000000000000000000e+00
2.144937032230000113e+02 5.710714915460000235e-02 1.079032318080000025e-01 2.000000000000000000e+00
6.878874149659999659e+01 6.227657683320000359e-01 1.039926339839999936e-01 5.000000000000000000e+00
4.067718760489999852e+01 4.468762036789999947e-01 4.093342277159999765e-01 2.000000000000000000e+00
2.688194058990000030e+02 4.500848193879999903e-01 8.475662018490000282e-02 3.000000000000000000e+00
6.109973929919999769e+00 6.067593623060000274e-01 1.685642864970000043e-01 5.000000000000000000e+00
1.637834890219999977e+02 3.301115341709999762e-01 1.803129921530000068e-01 2.000000000000000000e+00
6.643177935849999471e+01 6.365141795369999578e-01 5.853157790599999855e-01 3.000000000000000000e+00
3.144150842540000212e+02 5.462393049839999737e-01 1.647333139490000098e-01 2.000000000000000000e+00
1.179906276969999936e+02 4.399025670600000271e-01 3.816724637639999917e-01 1.000000000000000000e+00
6.216463568970000075e+00 8.941344625489999753e-01 7.723788267429999577e-01 2.000000000000000000e+00
2.483325123140000130e+02 3.047347289499999778e-01 1.291990202980000113e-01 5.000000000000000000e+00
2.058825236689999940e+02 5.060800951010000492e-01 1.611400269059999890e-01 3.000000000000000000e+00
3.867840355130000063e+01 9.058729484080000338e-01 4.098964318769999782e-01 2.000000000000000000e+00
3.355614695949999771e+01 4.039380714099999881e-01 3.499713194799999871e-01 4.000000000000000000e+00
6.941235238560000020e+00 9.575683996360000449e-01 4.612375459909999753e-01 1.000000000000000000e+00
1.465393346790000066e+02 3.625939663939999891e-01 2.007205327059999878e-01 5.000000000000000000e+00
2.242153481469999861e+02 1.810996180889999918e-01 3.215043125179999906e-01 1.000000000000000000e+00
5.656724750549999925e+01 2.597526919859999839e-01 3.065969124699999826e-01 3.000000000000000000e+00
6.314944333619999739e+00 7.178339181170000360e-01 7.472740841020000246e-01 1.000000000000000000e+00
3.620088867430000050e+02 3.412243012860000091e-01 2.200674265979999933e-01 2.000000000000000000e+00
4.940817110930000240e+02 1.159398943389999964e-01 3.199657449070000131e-02 1.000000000000000000e+00
6.330724664990000150e+01 5.372854032320000250e-01 2.716027127169999833e-01 4.000000000000000000e+00
1.299974757409999881e+02 1.139326194190000002e-01 8.666272610859999947e-02 4.000000000000000000e+00
5.800478944930000047e+00 3.715786376640000110e-01 3.045298902860000267e-01 5.000000000000000000e+00
9.667801411460000338e+01 3.497306834550000243e-01 9.614783972479999663e-02 3.000000000000000000e+00
6.274220648520000054e+00 3.571742397259999868e-01 3.535470405400000238e-01 4.000000000000000000e+00
1.514687995129999933e+02 1.345283475669999951e-01 2.957949802050000021e-01 5.000000000000000000e+00
2.261261415559999932e+01 2.795454042589999855e-01 5.845569723069999890e-01 3.000000000000000000e+00
1.010589416770000071e+02 5.399530662739999709e-01 1.914898880529999903e-01 2.000000000000000000e+00
5.979310360610000430e+00 5.400722735059999557e-01 7.181110769009999562e-01 3.000000000000000000e+00
4.821512223029999689e+01 7.825996010039999451e-01 8.789595258120000421e-02 1.000000000000000000e+00
5.168249573250000140e+01 8.499605246829999849e-01 7.679762382189999625e-01 2.000000000000000000e+00
2.697078172170000130e+02 1.592168575210000103e-01 1.942722419659999866e-01 4.000000000000000000e+00
9.768489930120000508e+01 4.010337004940000005e-01 3.954883503980000103e-01 3.000000000000000000e+00
5.904203026380000274e+00 5.825295413529999466e-01 3.363005281720000128e-01 5.000000000000000000e+00
1.291054997420000028e+01 4.604652879539999910e-02 1.617255608270000075e-02 1.000000000000000000e+00
3.181875041329999831e+01 7.551304456830000567e-02 6.786225896620000364e-03 2.000000000000000000e+00
9.107877035219999584e+01 2.756177654589999845e-02 9.072257624110000029e-03 3.000000000000000000e+00
5.372742362190000165e+01 6.945560740320000370e-02 9.731772288340000826e-03 4.000000000000000000e+00
5.394457520989999644e+00 4.052976086990000004e-01 2.957397909280000126e-01 2.000000000000000000e+00
3.112124240829999877e+01 1.546922814170000049e-01 1.304647069619999933e-01 3.000000000000000000e+00
9.034997068879999915e+01 3.637491782400000262e-01 7.872562782730000430e-01 4.000000000000000000e+00
3.376046436949999929e+01 9.494482637590000162e-02 3.943442019719999858e-01 4.000000000000000000e+00
1.318795297970000036e+01 1.425339591490000068e-03 5.827457502759999727e-03 1.000000000000000000e+00
3.213619402900000210e+01 7.577704283900000073e-03 4.283296722459999616e-03 2.000000000000000000e+00
6.872036804530000609e+01 1.234810967860000032e-02 6.149436085990000155e-03 3.000000000000000000e+00
9.238287770659999865e+01 2.275049964840000077e-02 5.373780141950000241e-03 5.000000000000000000e+00
6.667001338160000401e+00 5.240416605940000361e-01 3.704782183129999851e-01 4.000000000000000000e+00
7.756761286779999409e+01 5.316601546660000288e-01 5.646299906419999931e-02 5.000000000000000000e+00
3.946535534529999723e+02 2.038311522579999979e-01 1.691368834149999945e-01 4.000000000000000000e+00
6.093868714860000324e+01 2.279296144069999919e-01 1.234426833149999958e-01 2.000000000000000000e+00
6.800527772649999747e+00 3.560937799930000147e-01 8.082602688069999708e-01 3.000000000000000000e+00
8.539358009490000256e+01 7.008947136299999991e-01 2.750926495279999995e-01 5.000000000000000000e+00
3.470113216660000148e+02 4.947675141380000197e-01 2.315387475319999888e-01 1.000000000000000000e+00
8.867352284989999589e+01 8.053823233769999979e-01 3.923071052650000112e-01 4.000000000000000000e+00
6.257864575290000175e+00 1.622272286139999839e-02 7.899307101739999615e-01 1.000000000000000000e+00
7.244460055509999563e+01 6.299356060720000539e-01 4.819835070999999860e-01 2.000000000000000000e+00
3.627253956189999826e+02 4.958813940890000049e-01 7.471960176680000343e-01 1.000000000000000000e+00
5.056283683699999898e+01 4.383913107290000055e-01 6.870458146210000061e-01 3.000000000000000000e+00
3.284056031320000102e+02 3.077150114569999761e-01 1.873932837270000096e-01 4.000000000000000000e+00
8.573006923159999815e+01 6.565680439009999869e-01 3.034336158050000010e-01 3.000000000000000000e+00
1.592718218370000045e+02 4.731338586839999860e-01 3.654951858129999731e-02 1.000000000000000000e+00
6.031134001539999900e+00 8.375871969589999688e-01 3.075006163710000129e-01 4.000000000000000000e+00
3.381048872680000272e+01 7.652058683019999918e-01 3.846474985139999858e-01 2.000000000000000000e+00
2.850307553860000098e+02 4.225916579380000204e-01 1.128791531499999945e-01 5.000000000000000000e+00
1.871253966090000063e+02 9.085205555040000158e-01 5.897990980489999785e-02 2.000000000000000000e+00
2.310237079890000089e+01 3.584680304489999969e-01 5.594194803140000172e-01 2.000000000000000000e+00
2.666306120219999798e+02 2.181450123289999932e-01 1.899348822589999874e-01 5.000000000000000000e+00
2.250231443090000027e+01 2.932036030840000085e-01 2.819108088860000083e-01 1.000000000000000000e+00
9.797682911280000440e+01 4.599516506499999879e-01 2.443936645149999976e-01 4.000000000000000000e+00
6.157052907689999799e+00 3.821923215560000253e-01 4.403279005010000136e-01 2.000000000000000000e+00
5.111752957040000211e+01 1.272676225140000061e-01 2.477550046210000023e-01 4.000000000000000000e+00
1.725055977140000039e+02 5.138268362260000055e-01 4.273288733970000142e-02 2.000000000000000000e+00
5.853886736749999820e+00 4.808649841620000198e-01 1.356363296020000053e+00 5.000000000000000000e+00
1.526134012779999978e+02 7.020609086860000181e-01 2.156282928799999887e-01 2.000000000000000000e+00
3.140454132180000002e+01 7.105845547510000193e-01 4.562123777309999850e-01 5.000000000000000000e+00
3.748666422860000011e+02 4.265813624440000229e-01 7.300553302730000693e-02 4.000000000000000000e+00
4.482546526639999911e+02 3.229708474260000184e-01 7.204724682509999756e-02 5.000000000000000000e+00
2.225172640799999968e+01 4.078005747740000020e-01 2.436481429400000065e-01 5.000000000000000000e+00
4.575650536759999909e+01 8.818170694110000207e-01 2.416123679280000047e-01 4.000000000000000000e+00
5.239589013229999637e+02 5.562513712150000122e-01 1.730003957909999890e-01 3.000000000000000000e+00
3.709115861589999952e+01 7.736373046550000243e-01 2.868564995289999975e-01 1.000000000000000000e+00
1.051699038480000041e+02 4.930142563439999792e-01 4.319850004249999875e-01 3.000000000000000000e+00
6.230658833639999727e+00 7.192477167680000338e-01 8.343137735830000179e-02 1.000000000000000000e+00
9.607201324220000060e+01 1.787597151989999966e-01 1.059161745799999943e-01 4.000000000000000000e+00
2.446157392879999861e+02 7.125928576619999788e-01 3.541118237069999786e-02 1.000000000000000000e+00
5.963180441959999634e+00 2.566298838009999916e-01 5.470437976369999511e-01 4.000000000000000000e+00
1.318756278470000076e+01 1.018650466419999913e-03 1.204730982740000005e-02 1.000000000000000000e+00
3.211070208919999658e+01 1.041019602399999994e-02 1.225516105139999937e-02 2.000000000000000000e+00
6.844615116430000512e+01 2.587741091799999893e-02 1.467759512149999918e-02 3.000000000000000000e+00
9.315587779960000603e+01 4.722928485870000331e-02 8.765875364359999866e-03 5.000000000000000000e+00
4.260361018059999765e+02 2.680488100199999724e-01 4.743306911499999834e-01 4.000000000000000000e+00
7.608711557169999651e+01 7.061930370190000472e-01 5.949893482970000091e-01 3.000000000000000000e+00
6.485229085689999806e+01 6.636366242890000544e-01 1.951740284830000005e-01 3.000000000000000000e+00
8.704214086909999537e+01 2.489210206659999980e-01 9.085133338419999482e-01 1.000000000000000000e+00
2.841216320679999967e+02 2.921274893710000264e-01 1.090415751110000026e-01 5.000000000000000000e+00
3.922290134020000352e+01 8.519144883600000551e-01 5.243235499980000158e-01 3.000000000000000000e+00
2.945451095930000065e+02 5.355085068989999808e-01 2.278871887139999886e-01 5.000000000000000000e+00
4.623487773029999914e+01 6.392517217559999521e-02 2.134881519290000029e-01 2.000000000000000000e+00
1.767952826599999980e+02 3.130111145269999784e-01 4.378790617289999854e-01 5.000000000000000000e+00
4.714976109399999871e+01 6.015104437589999797e-01 3.493302995470000116e-01 4.000000000000000000e+00
6.408614746549999630e+00 4.474306403070000271e-01 4.540224156550000112e-01 2.000000000000000000e+00
8.897869700709999563e+01 4.222606071180000087e-01 3.987158106220000109e-01 3.000000000000000000e+00
2.459426833479999885e+01 9.425285317189999734e-01 4.862508340589999922e-01 5.000000000000000000e+00
2.516078606130000139e+02 7.892555268539999669e-02 3.317066752749999736e-01 4.000000000000000000e+00
2.452753401939999947e+02 4.219323665749999952e-01 4.264965522120000019e-01 4.000000000000000000e+00
1.926352592810000175e+01 6.216923225499999539e-01 6.511746856740000533e-01 1.000000000000000000e+00
2.521996722670000111e+02 6.789195688589999556e-01 3.837007304319999812e-01 5.000000000000000000e+00
2.028952969160000066e+02 3.293248231979999940e-01 5.470457353790000310e-01 3.000000000000000000e+00
5.822236021550000196e+00 7.694192466720000123e-01 3.880628872049999845e-01 4.000000000000000000e+00
1.428527310910000097e+02 2.661570682909999985e-01 6.429738193620000430e-01 1.000000000000000000e+00
4.544383748460000305e+01 2.429581843520000062e-01 1.144285764369999958e-01 1.000000000000000000e+00
2.929530636239999808e+02 7.091296340730000036e-01 3.441795707190000164e-01 2.000000000000000000e+00
4.247100306429999961e+01 3.484752609810000124e-01 1.929096286529999871e-01 1.000000000000000000e+00
1.685236314649999940e+02 5.483308512400000279e-01 1.002089434979999971e-01 5.000000000000000000e+00
1.449171180049999919e+01 2.852525173450000118e-01 7.089352977199999684e-01 2.000000000000000000e+00
1.555938138129999970e+02 4.927858390359999841e-01 3.722840330220000132e-02 1.000000000000000000e+00
1.625809666410000176e+01 3.877901554279999941e-01 1.343440936269999941e+00 2.000000000000000000e+00
4.850674507050000273e+01 1.298164661579999934e-01 2.266810858080000046e-01 1.000000000000000000e+00
2.883058387599999861e+01 7.932694266750000001e-01 5.457266037819999971e-01 2.000000000000000000e+00
3.003273652300000052e+01 5.473583890209999803e-01 5.545241706969999962e-01 3.000000000000000000e+00
7.102955302619999856e+00 4.971660994759999896e-01 8.322003676239999592e-01 1.000000000000000000e+00
5.245486738200000332e+01 3.953181159110000231e-01 3.678763241099999859e-01 5.000000000000000000e+00
1.240876270759999933e+01 2.061029307989999948e-01 5.008427366140000281e-02 1.000000000000000000e+00
5.538292566260000171e+01 1.810050186519999993e-01 1.383227219819999909e-01 5.000000000000000000e+00
1.295672013769999964e+01 5.656320909950000031e-01 1.796203242849999937e-01 1.000000000000000000e+00
1.024316375920000013e+02 1.512841670660000082e-01 7.555091399499999638e-02 5.000000000000000000e+00
2.121754564380000119e+01 1.758164962250000074e-01 3.556593170410000115e-01 5.000000000000000000e+00
5.724137763239999899e+00 5.419699528500000474e-01 2.626550846940000072e-01 1.000000000000000000e+00
1.289472093869999867e+02 1.770426299079999877e-01 1.931577059039999988e-01 5.000000000000000000e+00
2.752729329039999939e+01 9.129231560489999842e-01 1.180052344189999936e+00 1.000000000000000000e+00
3.832502090140000064e+02 3.136364243900000015e-01 2.258146907589999863e-01 4.000000000000000000e+00
6.428455610160000333e+00 8.091645513409999324e-02 1.679316239760000051e-01 1.000000000000000000e+00
2.247102743089999990e+02 8.024771857510000217e-01 1.292763590859999923e-01 3.000000000000000000e+00
5.040867691750000290e+01 2.246101497009999892e-01 6.179775354150000011e-01 3.000000000000000000e+00
5.730535590219999449e+02 4.867926478999999862e-01 1.737608113730000070e-01 5.000000000000000000e+00
6.432728504400000702e+01 1.667277494480000066e-01 2.689177399320000217e-01 4.000000000000000000e+00
5.667726917369999562e+00 5.647728569929999498e-01 6.232713953920000494e-01 1.000000000000000000e+00
1.232973579899999947e+02 5.730949104860000309e-01 2.974677412100000251e-01 4.000000000000000000e+00
2.494947907990000147e+01 6.031674592160000126e-01 2.836384171610000227e-01 1.000000000000000000e+00
3.724335155730000224e+02 1.573016338050000074e-01 1.997128763550000130e-01 5.000000000000000000e+00
1.439439887980000066e+01 8.383502070350000446e-02 7.750875157309999874e-01 5.000000000000000000e+00
1.721286976030000062e+02 2.036298842279999910e-01 1.553826669820000117e-01 2.000000000000000000e+00
8.746159701109999673e+01 5.346394627820000300e-01 5.916963985169999551e-01 3.000000000000000000e+00
6.052794768850000118e+00 2.807344037549999727e-01 8.284053122750000275e-01 5.000000000000000000e+00
2.706598972939999825e+01 3.213461599579999772e-01 3.505346229419999959e-01 5.000000000000000000e+00
3.886880436409999788e+02 7.835093683650000418e-02 2.057416637120000058e-01 4.000000000000000000e+00
2.882507568930000161e+02 4.880667480349999976e-01 2.541086507090000168e-01 4.000000000000000000e+00
3.344081692569999831e+01 5.488629680450000103e-01 4.372655474270000231e-01 1.000000000000000000e+00
