A
au
1.00082
1.00678
1.02341
1.02382
1.02595
1.02831
1.03037
1.03346
1.03378
1.03527
1.03886
1.04292
1.04992
1.06061
1.07698
1.08217
1.08649
1.08727
1.09038
1.10806
1.11234
1.11751
1.12292
1.1241
1.1296
1.12966
1.13105
1.13179
1.13327
1.13872
1.15987
1.16272
1.16537
1.16471
1.16693
1.16847
1.17218
1.17872
1.17816
1.18358
1.1851
1.18713
1.18906
1.19018
1.19218
1.19471
1.22574
1.22755
1.23696
1.25015
1.25186
1.26054
1.27206
1.27266
1.28031
1.2802
1.28243
1.28444
1.29111
1.2912
1.29371
1.29554
1.30299
1.30567
1.30798
1.30958
1.31029
1.31659
1.31895
1.33364
1.33658
1.33884
1.34724
1.36191
1.36155
1.36607
1.3728
1.37427
1.38103
1.38575
1.39588
1.39638
1.4118
1.42112
1.4219
1.43442
1.45528
1.45701
1.48605
1.49006
1.49788
1.50087
1.52377
1.5273
1.53498
1.53703
1.57999
1.58126
1.59435
1.59509
1.60044
1.64347
1.65355
1.66027
1.6555
1.6698
1.67364
1.68103
1.68144
1.70993
1.72685
1.74533
1.75604
1.75739
1.76349
1.777
1.80264
1.80892
1.81539
1.84741
1.87545
1.88529
1.88623
1.91887
1.91985
1.92274
1.93647
1.9372
1.94413
1.97489
1.97678
1.97816
1.9793
1.98227
1.98519
2.02754
2.00121
2.00715
2.02175
2.03474
2.03386
2.04004
2.063
2.06642
2.07238
2.0717
2.07477
2.099
2.10091
2.10149
2.10235
2.1118
2.1121
2.1185
2.12913
2.13177
2.13423
2.14768
2.18639
2.19849
2.19755
2.23538
2.24032
2.26097
2.28088
2.29553
2.31864
2.33328
2.33538
2.33982
2.34083
2.35317
2.34618
2.36847
2.3791
2.38704
2.40085
2.41241
2.41789
2.4447
2.48556
2.49004
2.51056
2.51797
2.52452
2.5395
2.54171
2.54268
2.55427
2.58655
2.60488
2.60478
2.61147
2.62431
2.71619
2.72021
2.77219
2.80658
2.84117
2.85281
2.91927
2.93163
2.93362
3.0184
3.02208
3.03064
3.07131
3.1288
3.13296
3.14259
3.17098
3.18072
3.26519
3.26609
3.34651
3.37558
3.42452
3.43052
3.52689
3.55427
3.56153
3.57197
3.57648
3.6002
3.60184
3.70596
3.73753
3.80821
3.81754
3.87172
3.8997
3.94498
3.94973
3.97285
4.21377
4.29488
4.26892
4.37827
4.43476
4.52773
4.60219
4.75375
4.83146
4.92406
4.94302
5.13864
5.14931
5.3109
5.33414
5.34057
5.35635
5.47467
5.82513
6.15467
6.45931
8.75626
26.7553
113.443