ECC

0.05
0.04
0.04
0.41
0.3
0.34
0.355094
0.41
0.096
0.41
0.4
0.256
0.26
0.22
0.078
0.22
0.034
0.26
0.37
0.17
0.211
0.01
0.144
0.06
0.2113
0.526
0.08
0.157
0.167
0.5
0.23
0.14
0.12
0.3
0.23873
0.32
0.64
0.05
0.61
0.44
0.144
0.22
0.3
0.27
0.45899
0.38
0.34
0.28
0.444
0.27
0.08
0.25
0.036
0.128
0.048
0.14
0.85
0.369
0.4
0.04
0.05
0.07
0.19
0.7
0.16
0.23
0.412
0.02
0.59
0.28
0.1
0.4805
0.4
0.4
0.074
0.24
0.125
0.517222
0.02
0.16
0.206
0.338
0.02
0.1
0.681
0.421
0.38
0.22
0.27
0.21
0.6405
0.82
0.15
0.319
0.203
0.51
0.15
0.36
0.725
0.345
0.48
0.052
0.4
0.08
0.23
0.125
0.37
0.228
0.2
0.09
0.2
0.21
0.253675
0.06
0.715
0.47
0.54
0.19
0.326
0.249
0.165251
0.193
0.08
0.18
0.402
0.117
0.24
0.2
0.12
0.041
0.778
0.16
0.151
0.25
0.97
0.41
0.106
0.6
0.041
0.041
0.09
0.1
0.15
0.519
0.12
0.102
0.044
0.0985
0.19
0.08
0.33
0.098
0.41
0.27
0.08
0.129
0.177
0.163
0.61
0.117
0.14
0.54
0.18
0.8191
0.66
0.11
0.15
0.155
0.49
0.34
0.19
0.12
0.7124
0.1276
0.13
0.266
0.08
0.099
0.46
0.15
0.37
0.267
0.229
0.0312556
0.81
0.476
0.02
0.52
0.16
0.144
0.8472
0.1
0.291
0.21
0.18
0.18
0.23
0.12
0.089
0.059
0.257
0.166
0.273039
0.181
0.151
0.12
0.09
0.16
0.11
0.48
0.184
0.531
0.26
0.22
0.498
0.903
0.53
0.465
0.255
0.021
0.373
0.137
0.12
0.098
0.066
0.129
0.168
0.71
0.013
0.35672
0.231
0.184
0.02
0.032
0.15
0.025
0.3
0.067
0.76
0.11
0.13
0.313105
0.6616
0.36
0.11
0.101
0.53
0.111
0.252086
0.638
0.133
0.25
0.46
0.266
0.482
0.08
0.59
0.267395