5.264120264939999849e+00
4.357246907699999561e+00
1.550721222620000117e-01
4.705662544119999779e+01
1.000000000000000000e+03
1.000000000000000000e+03
1.000000000000000000e+03
2.895969596750000008e+01
1.035297138079999968e+02
1.000000000000000000e+03
3.230319145640000306e-02
8.549512104449999583e+01
1.000000000000000000e+03
1.000000000000000000e+03
4.702202745580000176e+00
1.000000000000000000e+03
1.000000000000000000e+03
2.755531470529999751e+02
4.868854403619999882e-01
1.000000000000000000e+03
6.309258157330000216e+01
1.000000000000000000e+03
2.039142932449999890e+00
9.402443691829999395e+00
9.337877952270000037e+01
1.258548926380000099e-01
1.636152232670000117e+01
1.000000000000000000e+03
5.876062138739999996e-03
8.604282962370000121e+01
4.322863831699999793e+01
1.808306970419999993e-01
1.000000000000000000e+03
1.000000000000000000e+03
1.155672938250000038e-02
1.000000000000000000e+03
1.000000000000000000e+03
6.596630117899999846e+01
1.000000000000000000e+03
2.042361370809999896e-02
2.275300637959999861e+01
2.673284723730000110e+02
7.398395738469999705e-02
5.330292165830000073e+01
1.000000000000000000e+03
1.329971838020000074e+00
4.608382454230000036e+00
1.000000000000000000e+03
3.026536122670000140e+01
9.039158085389999542e+00
1.545704589829999948e-02
1.000000000000000000e+03
6.186687712439999931e-01
1.000000000000000000e+03
2.393555927129999930e+02
1.000000000000000000e+03
3.731293692419999974e+00
1.199308930429999975e+01
1.000000000000000000e+03
1.257212782060000089e+00
1.140427815550000001e-01
2.871900251290000128e+01
1.000000000000000000e+03
3.161487700110000105e+02
1.000000000000000000e+03
1.846332885109999893e+02
1.000000000000000000e+03
1.370148611860000010e+01
1.000000000000000000e+03
2.573231851819999960e+01
1.000000000000000000e+03
9.248875892499999751e-02
1.000000000000000000e+03
6.077227223959999947e+01
1.490929059880000125e+02
1.000000000000000000e+03
1.000000000000000000e+03
1.000000000000000000e+03
8.955722749690000484e+00
1.186610507479999993e-01
1.000000000000000000e+03
1.000000000000000000e+03
1.000000000000000000e+03
3.246829587250000060e+01
1.319560748889999913e-01
1.000000000000000000e+03
2.242966627490000064e+02
1.228951783710000023e-01
3.198909601629999955e+01
1.816803574820000100e-01
3.314896212970000278e+01
1.000000000000000000e+03
1.000000000000000000e+03
1.000000000000000000e+03
1.000000000000000000e+03
2.832709055560000166e+01
1.934837329449999935e-02
1.000000000000000000e+03
1.000000000000000000e+03
1.609451931620000096e+02
8.011439657969999573e+00
6.794132190300000218e+01
1.000000000000000000e+03
9.169311403310000230e+01
1.240023462219999928e+01
1.000000000000000000e+03
2.939631478580000123e-02
2.912869498759999942e+01
1.000000000000000000e+03
1.000000000000000000e+03
2.789931275269999844e+01
1.225617183519999998e+02
3.858234174079999690e+01
3.832899120200000120e-01
1.000000000000000000e+03
2.852574536830000174e+00
1.000000000000000000e+03
1.000000000000000000e+03
6.285892119750000262e+01
1.000000000000000000e+03
1.000000000000000000e+03
1.890554764919999968e+02
1.474661014839999895e+00
2.574107833340000084e+01
1.921231043209999934e-01
1.932667631660000040e+01
1.000000000000000000e+03
1.000000000000000000e+03
1.000000000000000000e+03
1.000000000000000000e+03
1.000000000000000000e+03
3.769603672059999866e+01
8.883724098839999783e+01
1.000000000000000000e+03
5.992938139509999818e-02
1.303656521349999942e+01
1.000000000000000000e+03
1.000000000000000000e+03
1.000000000000000000e+03
1.000000000000000000e+03
1.000000000000000000e+03
5.164075514409999582e-03
6.084432809479999804e+01
1.048188743209999956e+02
1.000000000000000000e+03
1.000000000000000000e+03
1.983789258439999925e-01
1.000000000000000000e+03
1.776001175499999918e-01
1.000000000000000000e+03
9.693941860640000741e+00
1.000000000000000000e+03
1.638944428739999992e+01
1.000000000000000000e+03
2.462317412499999847e+01
1.000000000000000000e+03
1.821009442950000112e-01
1.000000000000000000e+03
1.000000000000000000e+03
1.886628289639999956e+00
2.332682911660000080e-01
6.610563440069999785e+01
1.229869410929999951e+01
1.000000000000000000e+03
1.000000000000000000e+03
8.127160189170000437e-02
2.558333449740000098e+00
1.000000000000000000e+03
1.000000000000000000e+03
1.000000000000000000e+03
1.000000000000000000e+03
1.437879769559999943e+01
1.000000000000000000e+03
4.089575853590000420e+00
8.185223831640000114e+00
5.171257123859999894e+01
8.260579393229999567e+00
1.000000000000000000e+03
1.000000000000000000e+03
1.000000000000000000e+03
1.999063569929999951e-01
1.000000000000000000e+03
1.898213166089999859e+01
3.003168648000000189e+02
2.051019214919999889e-01
2.521620832609999923e+02
3.769630844110000156e-02
2.284245962880000036e+00
4.694376887229999795e+00
1.000000000000000000e+03
1.281679958549999867e+02
1.000000000000000000e+03
1.798152344950000092e+00
6.024741476180000069e-03
8.338160481919999256e+00
1.000000000000000000e+03
