6.735096215839999445e+01
4.012781092929999793e-02
1.000000000000000000e+03
6.527200555090000478e+01
1.000000000000000000e+03
1.000000000000000000e+03
1.000000000000000000e+03
1.000000000000000000e+03
9.694513282330000092e-02
1.000000000000000000e+03
8.479988452880000693e+01
1.000000000000000000e+03
2.543466910900000003e-02
1.102225801310000008e+02
1.000000000000000000e+03
1.104674985240000069e+02
8.343318419190000057e+00
1.000000000000000000e+03
1.000000000000000000e+03
1.093363311840000023e+02
1.937241753139999911e-01
1.000000000000000000e+03
3.977100275649999794e+00
1.000000000000000000e+03
1.410144567190000087e-01
1.000000000000000000e+03
1.177681227150000041e+02
1.000000000000000000e+03
1.000000000000000000e+03
4.874230173750000034e-02
2.175267419710000070e+02
1.000000000000000000e+03
1.000000000000000000e+03
5.271688575929999843e+01
4.404244126240000057e+00
1.000000000000000000e+03
1.344343519420000133e-01
1.000000000000000000e+03
1.000000000000000000e+03
1.000000000000000000e+03
6.016824577829999754e+01
1.000000000000000000e+03
1.593360393280000009e-01
1.000000000000000000e+03
1.000000000000000000e+03
6.955508875120000312e+01
1.000000000000000000e+03
1.604262610559999871e+02
1.000000000000000000e+03
5.203104559300000265e-01
1.000000000000000000e+03
1.000000000000000000e+03
8.970750372369999670e-02
1.756990522339999927e+02
1.000000000000000000e+03
1.017676072879999936e+02
1.000000000000000000e+03
1.000000000000000000e+03
2.604533125940000193e+00
1.000000000000000000e+03
4.961059141159999797e+00
7.258931894939999552e+01
1.000000000000000000e+03
5.210659175210000105e-02
1.000000000000000000e+03
7.929383158919999630e+01
1.000000000000000000e+03
