1.000000000000000000e+03
1.000000000000000000e+03
1.744003909419999943e-01
1.000000000000000000e+03
1.974232538279999949e-01
1.000000000000000000e+03
2.769764067590000067e+01
1.000000000000000000e+03
1.000000000000000000e+03
1.622857381660000042e-01
6.068868364690000305e+01
1.000000000000000000e+03
1.000000000000000000e+03
1.932282360719999870e-01
1.000000000000000000e+03
1.000000000000000000e+03
1.000000000000000000e+03
2.437936110909999954e+00
1.000000000000000000e+03
1.739497960940000088e+00
1.344151104090000014e-02
1.000000000000000000e+03
7.405853694809999865e+01
1.045033131719999980e-01
1.000000000000000000e+03
1.000000000000000000e+03
1.751411689600000099e-01
1.000000000000000000e+03
1.000000000000000000e+03
1.000000000000000000e+03
1.344693805379999940e+00
1.000000000000000000e+03
1.000000000000000000e+03
1.263579062059999869e-01
1.000000000000000000e+03
1.000000000000000000e+03
1.000000000000000000e+03
1.000000000000000000e+03
3.899289761699999701e+01
1.000000000000000000e+03
1.680671203839999919e+02
1.332294915649999911e+00
1.000000000000000000e+03
5.895122205100000040e-02
1.000000000000000000e+03
8.298146917910000298e+01
1.000000000000000000e+03
1.000000000000000000e+03
1.000000000000000000e+03
1.949592405689999919e-01
4.378410609289999655e+01
1.000000000000000000e+03
1.355812794540000032e+00
1.000000000000000000e+03
2.500387024150000137e+00
1.000000000000000000e+03
1.177690433419999927e+01
1.000000000000000000e+03
1.000000000000000000e+03
1.978660026690000073e-01
1.000000000000000000e+03
1.000000000000000000e+03
1.000000000000000000e+03
1.000000000000000000e+03
6.346837550730000288e+01
1.000000000000000000e+03
1.000000000000000000e+03
5.965236996429999772e-02
2.841389925640000058e+01
1.000000000000000000e+03
1.000000000000000000e+03
6.377275173690000187e-02
3.142560644810000170e+01
1.000000000000000000e+03
5.774828054750000272e-02
1.226521234010000017e+00
1.000000000000000000e+03
1.000000000000000000e+03
