7.941654918810000519e-01
1.268408686549999942e-01
2.713167380679999852e+00
1.263408555290000068e+00
1.001825410739999977e+00
7.837318993380000265e-01
1.254351597689999931e+00
8.216795149019999744e-01
8.438813615410000191e-01
5.949457925009999926e-01
6.585096883750000130e-01
1.303099507780000055e+00
9.860593889069999562e-01
1.578384414080000075e+00
3.325485486870000118e-01
9.009844725240000463e-01
8.430632802999999953e-01
1.266324962489999928e+00
3.476061817969999801e-01
5.380402474109999833e-01
1.791565412099999977e+00
2.036012398320000027e+00
7.237474259689999911e-01
7.184660279160000051e-01
