4.361475328929999762e+01
5.788800299190000054e+00
1.000000000000000000e+03
1.182581099509999945e+01
1.000000000000000000e+03
3.352802717580000147e-01
3.433352476670000186e+01
4.234853085729999833e+01
1.095017280059999987e-01
8.364318926529999487e+01
1.845614831240000058e+02
1.000000000000000000e+03
1.695689883949999910e+02
1.722776593950000046e-01
1.000000000000000000e+03
5.858492623339999739e+01
1.000000000000000000e+03
1.310105442000000009e+00
1.000000000000000000e+03
6.246836197239999677e+01
1.206727613489999990e-01
9.681607136799999580e+01
4.060698700389999694e+00
3.000862904939999964e+00
1.318565358840000101e+02
1.000000000000000000e+03
1.000000000000000000e+03
1.262306089659999964e-01
7.759617199929999742e+01
3.520736688870000020e+00
1.000000000000000000e+03
3.262171840509999754e-01
8.421369574330000773e+00
1.917015560210000025e-01
2.942948166160000056e+01
1.000000000000000000e+03
1.322385800930000066e+01
1.945101949749999903e+01
1.836484711620000043e+00
1.029325340719999989e-02
3.903013856559999795e+01
2.366994830819999951e+00
4.084850158390000274e+01
3.634351947929999938e+01
1.947159053549999963e-01
1.485347295159999987e+02
1.000000000000000000e+03
1.000000000000000000e+03
1.370581168399999967e+02
1.000000000000000000e+03
1.000000000000000000e+03
5.472332844569999821e+01
7.642417975349999892e-01
5.194096745659999925e+01
7.661413929890000141e+00
1.000000000000000000e+03
1.766260289609999923e-01
1.000000000000000000e+03
3.731437269660000311e+01
1.178231058740000066e+02
5.913996910350000080e-02
1.431547071619999940e+02
3.986320134620000033e+01
1.000000000000000000e+03
1.243536249379999958e+01
9.224612952890000328e-02
1.909931833369999943e+00
1.000000000000000000e+03
1.448391351859999965e+01
2.854599762959999953e+00
1.000000000000000000e+03
1.246097240920000004e+01
1.762805467020000094e+01
1.000000000000000000e+03
1.000000000000000000e+03
1.069609674929999983e+02
1.794702346669999893e-01
3.039682523020000193e+00
7.683523062170000140e-02
1.000000000000000000e+03
2.351879954609999857e+01
7.364407720190000362e+01
1.000000000000000000e+03
1.000000000000000000e+03
1.000000000000000000e+03
2.770964713029999871e+01
1.000000000000000000e+03
1.179592534560000061e+01
1.000000000000000000e+03
2.308456212560000154e+01
3.645880044260000119e+00
1.000000000000000000e+03
2.827748553949999888e+01
1.645305828749999932e+01
1.154512784759999938e-01
3.092838091129999967e+01
2.271707778769999908e-01
1.180533095170000024e+01
9.571834353170000087e-02
1.000000000000000000e+03
7.155391790860000434e+00
1.000000000000000000e+03
1.664897363029999866e+01
1.580190524420000031e+02
4.495394394200000199e-02
1.000000000000000000e+03
1.900122545959999909e-01
2.606988924429999854e-01
1.959226747150000136e+01
2.633714724360000092e-01
1.150576081929999930e+02
1.000000000000000000e+03
1.000000000000000000e+03
1.000000000000000000e+03
1.983173090929999938e-01
1.982797886719999958e-01
1.000000000000000000e+03
1.000000000000000000e+03
2.208815391899999980e+01
1.402871306430000118e+02
1.530941651359999933e-01
8.958863875049999592e+01
1.000000000000000000e+03
9.754965876589999141e+00
1.000000000000000000e+03
1.000000000000000000e+03
6.641278482490000101e+01
6.982106200650000094e-01
8.142678543169999728e+01
1.000000000000000000e+03
1.000000000000000000e+03
1.903945595190000006e-01
1.000000000000000000e+03
2.732174269669999944e+01
8.992055118570000616e+01
1.000000000000000000e+03
1.959618417740000007e-01
1.000000000000000000e+03
1.000000000000000000e+03
3.664098314040000304e+01
1.000000000000000000e+03
1.000000000000000000e+03
7.234383712240000364e+01
9.784244422639999661e-02
1.273884029379999916e+01
1.000000000000000000e+03
1.031576105909999930e+00
3.066814022249999994e+01
4.861600991990000153e+01
1.426049483630000003e-01
2.200844110879999960e+01
2.366219334839999888e+01
6.810566134300000130e+00
1.000000000000000000e+03
1.390942605879999974e+02
1.441109788330000008e+01
1.000000000000000000e+03
7.157896970660000413e-01
3.744601685920000023e+01
7.870934446109999483e-01
1.000000000000000000e+03
7.521595360589999890e-02
1.091544857609999930e+01
5.011198811459999930e-02
3.590356626589999678e+01
1.484082077629999930e+01
1.434314505769999926e+02
1.000000000000000000e+03
1.000000000000000000e+03
5.984160428010000032e+01
4.568786254039999828e-01
1.676069557529999976e-01
4.806951463690000281e+01
1.000000000000000000e+03
9.545173702399999627e+01
1.000000000000000000e+03
4.889263891289999719e+01
3.540964052199999657e+01
1.000000000000000000e+03
5.302088211670000106e+01
6.376131914030000303e+01
1.524710400300000046e-01
3.179926299490000119e+01
1.000000000000000000e+03
1.048433980239999919e+01
1.123178603310000057e+01
1.000000000000000000e+03
1.000000000000000000e+03
