1.083822491920000033e+02
6.595794969149999964e+00
1.550721222620000117e-01
2.046671224279999990e+02
1.000000000000000000e+03
1.000000000000000000e+03
1.000000000000000000e+03
2.895969596750000008e+01
1.035297138079999968e+02
1.000000000000000000e+03
3.230319145640000306e-02
2.016983510130000070e+02
1.000000000000000000e+03
1.000000000000000000e+03
4.702202745580000176e+00
1.000000000000000000e+03
1.000000000000000000e+03
2.755531470529999751e+02
4.639591443669999760e-01
1.000000000000000000e+03
8.181694405279999671e+01
1.000000000000000000e+03
2.039142932449999890e+00
2.214740392139999869e+01
1.577227404779999915e+02
1.258548926380000099e-01
3.116760755150000151e+01
1.000000000000000000e+03
1.668881953450000039e-02
1.274944898790000058e+00
2.378460372870000015e+02
4.562140702789999835e+01
1.808306970419999993e-01
1.000000000000000000e+03
1.000000000000000000e+03
1.155672938250000038e-02
2.588402584339999990e+01
1.000000000000000000e+03
1.000000000000000000e+03
6.596630117899999846e+01
1.000000000000000000e+03
4.258313105360000267e-02
1.380759542719999899e+02
2.709829021780000176e+02
7.398395738469999705e-02
1.225135572570000022e+02
1.000000000000000000e+03
4.524735989299999872e+00
4.410985446629999807e+00
1.000000000000000000e+03
5.208444540699999692e+01
1.075820030870000039e+02
7.755992885159999906e-02
1.000000000000000000e+03
6.186687712439999931e-01
1.000000000000000000e+03
2.393555927129999930e+02
1.000000000000000000e+03
3.731293692419999974e+00
1.199308930429999975e+01
1.000000000000000000e+03
1.257212782060000089e+00
1.995736312889999919e-01
4.046745712239999904e+01
1.000000000000000000e+03
3.200818147879999742e+02
1.000000000000000000e+03
1.846332885109999893e+02
1.000000000000000000e+03
1.370148611860000010e+01
1.000000000000000000e+03
3.025220595140000057e+01
1.000000000000000000e+03
1.000000000000000000e+03
6.396335817220000308e+01
2.179317660069999931e+02
1.000000000000000000e+03
1.000000000000000000e+03
1.000000000000000000e+03
8.955722749690000484e+00
1.379831116319999995e-01
1.000000000000000000e+03
1.000000000000000000e+03
1.000000000000000000e+03
5.831146337420000236e+01
3.325761246709999952e+00
1.000000000000000000e+03
2.369203357840000024e+02
6.220224359699999539e-01
1.305508093429999974e+02
4.822061933810000056e+01
1.000000000000000000e+03
1.000000000000000000e+03
1.000000000000000000e+03
1.000000000000000000e+03
2.832709055560000166e+01
1.934837329449999935e-02
1.000000000000000000e+03
1.000000000000000000e+03
1.795433223029999965e+02
1.499475869890000013e+01
9.682241507919999890e+01
1.000000000000000000e+03
9.169311403310000230e+01
1.240023462219999928e+01
1.000000000000000000e+03
2.939631478580000123e-02
7.919841626800000256e+01
1.000000000000000000e+03
1.000000000000000000e+03
4.448066290829999758e+01
1.492704211360000102e+02
4.390583581600000116e+02
6.495989375219999751e+00
1.000000000000000000e+03
2.852574915359999963e+00
1.000000000000000000e+03
1.000000000000000000e+03
6.285892119750000262e+01
1.000000000000000000e+03
1.000000000000000000e+03
1.890554764919999968e+02
1.899007856609999934e+00
1.427537490839999919e+02
1.135810424180000000e+00
1.000000000000000000e+03
1.000000000000000000e+03
1.000000000000000000e+03
1.000000000000000000e+03
1.000000000000000000e+03
3.769603672059999866e+01
8.883724098839999783e+01
1.000000000000000000e+03
5.992938139509999818e-02
1.513139452579999897e+02
1.000000000000000000e+03
1.000000000000000000e+03
1.000000000000000000e+03
1.000000000000000000e+03
1.000000000000000000e+03
1.243191816350000013e-02
6.943045315880000601e+01
8.055720113259999948e+01
1.000000000000000000e+03
1.000000000000000000e+03
1.983789258439999925e-01
1.000000000000000000e+03
1.776001175499999918e-01
1.000000000000000000e+03
1.516340342340000120e+02
1.000000000000000000e+03
1.638944428739999992e+01
1.000000000000000000e+03
2.462317412499999847e+01
1.000000000000000000e+03
1.821009442950000112e-01
1.000000000000000000e+03
1.000000000000000000e+03
1.886628289639999956e+00
3.437494094189999849e+00
1.209369365080000023e+02
1.229869410929999951e+01
1.000000000000000000e+03
1.000000000000000000e+03
8.127160189170000437e-02
5.135011159719999796e+01
1.000000000000000000e+03
1.000000000000000000e+03
1.000000000000000000e+03
1.000000000000000000e+03
1.437879769559999943e+01
1.000000000000000000e+03
4.089575853590000420e+00
8.185223831640000114e+00
5.171257123859999894e+01
8.260579393229999567e+00
1.000000000000000000e+03
1.000000000000000000e+03
1.000000000000000000e+03
3.354480277409999989e+00
1.000000000000000000e+03
2.295513402710000150e+01
3.236168243270000175e+02
1.209553838959999972e+01
2.514038604250000049e+02
4.743245823549999823e-02
1.844933328699999890e+02
5.142811701880000363e+00
1.000000000000000000e+03
1.285039753279999957e+02
1.000000000000000000e+03
8.980173213109999608e+00
7.396861118629999510e+01
1.000000000000000000e+03
