7.420356753250000326e-01
1.401944978499999994e+00
6.245723011849999562e-01
2.337904136250000153e+00
2.523730585120000036e+00
1.763783547889999914e+00
1.298856195269999958e+00
8.298725055900000314e-01
1.051566687990000082e+00
1.085267222329999948e+00
2.553250345240000163e-01
6.135107951079999955e-01
1.464719745530000061e+00
1.753221600319999907e-01
1.684834926139999967e+00
1.021846509389999991e+00
1.144707748759999921e+00
1.992663817229999967e+00
2.698615288210000074e+00
1.516083961579999917e+00
1.996528565659999865e-01
1.862869171650000100e+00
6.509965174609999572e-01
1.235080081060000001e+00
2.727386687619999805e-01
1.137267904550000042e+00
2.755609638900000213e+00
5.317423256259999897e-01
8.602517430920000319e-01
1.926655393519999926e+00
1.931095552479999977e-01
1.506520418840000097e+00
