9.306420161209999486e-01
6.922106120580000521e-01
1.316668200120000076e+00
1.443580175599999960e-01
3.992750022470000215e-01
3.551884421650000068e-01
1.333028528450000139e-01
1.169619218680000017e-01
9.435170898689999863e-02
8.596595518039999717e-02
1.014984032599999947e-01
1.297786620180000072e-01
1.614536449129999884e-01
1.891427091429999929e-01
2.183792462299999904e-01
2.454109222810000046e-01
2.696413372209999770e-01
2.933798507340000250e-01
3.203364219570000171e-01
3.479921130640000193e-01
3.861042695740000141e-01
4.280069779210000092e-01
4.775223304890000020e-01
5.390502837849999729e-01
5.939940754370000020e-01
6.437940364990000219e-01
6.844798469759999504e-01
7.144160611630000490e-01
7.311494174939999757e-01
7.339272894930000124e-01
7.233172181389999622e-01
6.978202693720000349e-01
6.582115677369999585e-01
6.092690273690000158e-01
5.612991500420000390e-01
5.190619695310000337e-01
4.768450274939999844e-01
4.376416677919999776e-01
3.818387874070000021e-01
3.157405187539999991e-01
2.253461853010000071e-01
1.004687525129999981e-01
7.978403719229999747e-02
2.003629371120000113e-01
3.113145212039999943e-01
3.963549271390000017e-01
4.594332061759999752e-01
5.108240341880000424e-01
5.638441268189999800e-01
6.206302287960000497e-01
6.833856536910000168e-01
7.223421140879999758e-01
7.234597885479999713e-01
6.787048763949999897e-01
5.950395055070000216e-01
4.725081234130000252e-01
3.480536383789999966e-01
2.683172643269999824e-01
2.004044539569999894e-01
1.222542402570000047e-01
1.270894817650000119e-01
2.967464562570000242e-01
4.706905866709999997e-01
5.852413636459999902e-01
6.397902063870000156e-01
6.543956014949999789e-01
6.583593918710000104e-01
6.703155908429999643e-01
6.644172915799999579e-01
6.061790266140000272e-01
4.755112170660000248e-01
2.799427290279999925e-01
1.177330941740000053e-01
1.714724813899999867e-01
2.367961358590000009e-01
3.170483481099999890e-01
4.747253344130000219e-01
6.497300888779999894e-01
7.443574544729999465e-01
7.452952539129999998e-01
6.603272727329999592e-01
5.560125369459999467e-01
4.950396793099999804e-01
4.188087025009999964e-01
2.533474120279999853e-01
5.339424476610000331e-02
2.948578653039999886e-01
4.410669485689999725e-01
5.230744566649999649e-01
5.831441892930000481e-01
6.892094732650000388e-01
7.492508650820000060e-01
7.022242889130000387e-01
5.429738886989999846e-01
3.233089295289999776e-01
2.127014104080000023e-01
1.413503363299999926e-01
2.045344097200000044e-01
4.646575754730000174e-01
6.344148623290000177e-01
6.815679735480000279e-01
6.605924705229999638e-01
6.404344775210000229e-01
5.748457175200000213e-01
4.016927266859999790e-01
1.377062909619999886e-01
1.769505219320000045e-01
3.003066429010000093e-01
4.595428261030000128e-01
6.654925140130000250e-01
7.298976733249999960e-01
6.543796486620000463e-01
5.289509641620000480e-01
1.630927022390000092e+00
1.644789860910000012e+00
1.584396056109999895e+00
1.567404478220000064e+00
2.245104977480000041e+00
1.604935799950000019e+00
1.605063932520000014e+00
1.993630158099999994e+00
1.198209049089999922e+00
1.130260912570000054e+00
1.102512987059999894e+00
6.409939386259999594e-01
1.065754587930000108e+00
1.394898982329999981e+00
1.701699347709999977e+00
2.144070070849999787e+00
5.371537781199999806e-01
1.778554578819999898e+00
1.681927905160000014e+00
6.295690619810000443e-01
8.134343208049999996e-01
8.078564309000000332e-01
5.719946426399999950e-01
5.388933675920000166e-01
5.638393085949999772e-01
6.066335837499999828e-01
1.108878313589999998e+00
1.188033751060000087e+00
2.474015073180000079e-01
6.445825495579999842e-01
7.414200283140000014e-01
3.500509147970000123e-01
5.600870924540000129e-01
5.654495819599999473e-01
8.510665693829999601e-01
3.870086122929999872e-01
1.269917477409999940e+00
1.711110448039999898e+00
1.402280768970000091e+00
3.783366702509999846e-01
3.194480339579999773e-01
5.148682741229999582e-01
7.857602743479999985e-01
5.702738642960000215e-01
1.729853125360000021e+00
2.653464307419999835e-01
4.876708083840000096e-01
1.370042147619999984e+00
7.891136863140000290e-01
1.570876904709999966e+00
1.265397580259999932e+00
2.924018877169999864e-01
6.812068440570000494e-01
1.569355531860000097e+00
1.626626189700000058e+00
9.485019019000000551e-01
2.689467387830000167e+00
1.889257550159999965e+00
1.359481552279999894e+00
9.854094864900000417e-01
1.012637698720000090e+00
9.485478563679999864e-01
3.896775579160000058e-01
7.851458022210000554e-01
5.337618288400000077e-01
4.782150146540000146e-01
5.059054907019999714e-01
5.454737461340000149e-01
5.695395535709999457e-01
1.381985638099999969e+00
8.632263067709999849e-01
1.103636370590000082e+00
1.186455382809999959e+00
1.127678618060000026e+00
1.200480527030000077e+00
1.001959902969999927e+00
1.062892262100000096e+00
1.474595506130000011e+00
1.289426721309999913e+00
1.128457724900000070e+00
6.493038447450000250e-01
6.933764473150000329e-01
8.539372058640000152e-01
1.064076386390000045e-01
5.756744645110000169e-01
1.058354419979999905e+00
7.107765327830000146e-01
7.585101802520000103e-01
5.725592951219999893e-01
5.799917704389999651e-01
1.259748135910000011e+00
3.953460832060000096e-01
3.795202450249999804e-01
4.333061947379999723e-01
8.569369141910000431e-01
8.373296299629999773e-01
1.273541699009999917e+00
1.255689758429999969e+00
1.189091867039999917e+00
7.162091246499999730e-01
1.054097470389999902e+00
1.579538248320000005e+00
1.249835435739999889e+00
1.280263714669999997e+00
1.484247447630000050e+00
1.495179355020000100e+00
1.331858888039999966e+00
9.461620398750000271e-01
3.919875012990000074e-01
5.904306190210000249e-01
7.460791761280000101e-01
1.063164094090000011e+00
9.285662479080000198e-01
9.682804484439999637e-01
2.150093382540000098e-01
6.797342865069999629e-01
6.781381558160000100e-01
9.127314665179999675e-01
1.056133087080000088e+00
8.035068822340000194e-01
1.043371547950000089e+00
4.491837324629999739e-01
9.747893541519999649e-01
8.888071149990000031e-01
1.134785269470000024e+00
4.141862817840000210e-01
8.492915365140000228e-01
6.343182672320000215e-01
1.258233868910000108e+00
1.532137019809999945e+00
1.586416764510000021e+00
1.539855711480000000e+00
1.088532602499999946e+00
1.174527993829999950e+00
1.180691619399999892e+00
1.188431869550000020e+00
1.198597968589999896e+00
1.212089691629999910e+00
1.227410562940000061e+00
1.238586072749999989e+00
1.218876866300000028e+00
1.040567923850000076e+00
4.318451861989999752e-01
7.860675441359999960e-01
8.083472857569999892e-01
8.664699303259999486e-01
6.531333805300000295e-01
1.593632903370000076e+00
4.015367209360000134e-01
2.120783167379999945e+00
2.125835089709999792e+00
2.059809941610000195e+00
5.819917727760000048e-01
5.699659037769999603e-01
5.585510160769999732e-01
5.560701808729999751e-01
5.364848491179999845e-01
5.516758828269999748e-01
5.556692878160000015e-01
5.533191713370000375e-01
5.635173690729999851e-01
5.898281525190000041e-01
5.929595344089999553e-01
6.226483593999999622e-01
6.383386091460000467e-01
1.098436444030000070e+00
1.059412929580000107e+00
2.796097028630000203e-01
7.321475575529999558e-02
2.536129693459999723e-01
2.541378671210000051e-01
2.747590214819999876e-01
1.627607827010000008e-01
2.013677382690000073e-01
2.234956594820000086e-01
5.500452053080000514e-01
4.933630111960000120e-01
3.297768853090000118e-01
1.895466348060000084e-01
1.077045659020000046e-01
4.214554039169999822e-01
9.901920306670000116e-01
1.092062698879999960e+00
5.914453476630000539e-01
2.302803750819999995e-01
1.652386115070000105e+00
3.519540265280000080e-01
1.761552601830000064e+00
