6.276207479819999602e-01
1.371052859339999985e+00
1.700707022270000035e+00
9.805913012689999597e-01
8.041173639359999736e-01
4.702730708560000084e-01
9.916541071590000422e-01
1.070650499529999911e+00
1.069713575880000045e+00
9.043614192929999573e-01
1.260370510070000005e+00
1.350979074679999892e+00
1.320024427569999936e+00
8.391279104000000100e-01
7.700537452160000074e-01
8.340036910679999860e-01
7.361580226799999682e-01
1.264189999030000067e+00
1.426009779749999984e+00
1.328644068580000059e+00
9.502702847220000359e-01
1.017298935049999908e+00
6.091737342730000337e-01
1.118115615040000010e+00
1.154884475660000076e+00
1.022406231850000013e+00
1.278929677690000100e+00
9.328099109609999662e-01
9.464960210170000332e-01
9.651965469929999486e-01
1.314757850369999925e+00
1.375016177040000009e+00
6.464511062250000162e-01
8.474168467920000225e-01
1.089943472060000085e+00
1.424652764219999979e+00
6.052774766180000210e-01
8.053261710779999749e-01
1.195080851639999997e+00
1.350801499569999953e+00
9.212229275879999513e-01
6.798051634170000357e-01
1.205610212070000076e+00
8.314836869180000090e-01
1.078281080050000007e+00
9.028992019710000427e-01
9.159661898590000240e-01
1.263987223570000040e+00
5.165466188889999977e-01
7.891652848289999467e-01
1.367211092110000026e+00
5.826958586649999550e-01
5.389934651200000149e-01
1.370069897810000104e+00
8.419210802090000278e-01
8.027625114569999498e-01
1.199661838039999928e+00
1.030428186760000031e+00
1.094417405479999994e+00
1.160451529359999956e+00
2.824732484979999847e-01
8.484956341139999747e-01
1.318009499550000019e+00
8.495976813129999528e-01
1.456401540319999910e+00
8.628048264930000544e-01
1.408083475410000007e+00
9.599243699659999463e-01
1.243320834089999938e+00
1.106342189380000063e+00
9.439434862929999559e-01
1.245435325679999927e+00
8.346441877110000185e-01
1.301188981259999933e+00
6.728318442389999987e-01
1.260373011620000039e+00
7.400375592810000125e-01
1.211564718590000034e+00
9.376396734969999480e-01
1.119344727429999908e+00
1.140103378530000100e+00
9.353067281500000441e-01
1.299538878539999942e+00
8.141468643310000308e-01
1.381219840159999990e+00
7.390288581339999885e-01
1.325011683839999899e+00
3.115201521270000162e-01
8.224689792739999783e-01
9.810280123810000141e-01
1.290008393619999971e+00
9.501873440720000064e-01
1.348748888530000078e+00
6.857157331330000494e-01
8.518578665629999991e-01
1.407684919999999895e+00
8.754665611819999471e-01
8.940770130349999789e-01
1.034524061099999948e+00
1.298734060519999955e+00
8.540240424939999908e-01
5.187284615570000312e-01
1.384107601209999983e+00
8.144452026590000004e-01
8.308171325840000287e-01
8.694996681690000395e-01
1.242008596310000046e+00
8.802249337809999741e-01
7.384985891149999926e-01
1.360969795219999945e+00
8.574464999599999970e-01
1.261111161379999901e+00
1.162125168270000009e+00
1.207515941690000094e+00
9.453131494450000005e-01
8.981817270919999485e-01
1.457618245309999949e+00
4.833726114019999964e-01
8.918989954960000466e-01
1.310243608980000030e+00
8.756496767610000287e-01
1.183098925569999960e+00
9.695076295229999586e-01
5.333861930879999491e-01
1.384760243209999908e+00
6.415105131489999835e-01
8.302455614960000396e-01
1.245548181340000005e+00
5.982501674000000325e-01
1.275890548680000069e+00
8.338802397319999837e-01
8.172567172939999569e-01
1.437768610770000066e+00
1.172468291529999984e+00
1.011052631669999924e+00
1.113213805300000026e+00
1.111114304080000004e+00
2.919047985389999766e-01
1.418087745410000045e+00
7.509489735540000321e-01
8.448124637820000338e-01
8.593416292569999726e-01
1.118388282670000011e+00
1.027606587339999988e+00
1.277967078999999950e+00
8.141485155590000300e-01
6.871106166420000161e-01
1.381932348299999891e+00
1.010639887920000035e+00
1.082091612669999980e+00
1.188931589819999912e+00
9.569282352360000132e-01
7.782794714949999859e-01
1.381118716870000096e+00
1.421189436019999919e+00
7.595421959600000550e-01
1.128603764399999987e+00
1.002610384840000091e+00
9.024432672640000375e-01
4.566128585459999778e-01
1.384500484669999976e+00
1.011654079029999931e+00
9.562655437529999913e-01
8.811212602179999687e-01
9.804653778599999869e-01
7.045341424769999694e-01
1.365659023000000083e+00
1.418167303529999979e+00
3.172423599740000211e-01
1.104707558919999943e+00
1.181164292420000095e+00
1.004021239350000094e+00
8.430784557999999596e-01
1.115143345429999933e+00
1.397849533210000050e+00
8.698283683919999509e-01
1.040066521890000040e+00
1.206995859490000100e+00
8.350227613109999503e-01
7.708734708069999719e-01
6.730738840469999706e-01
1.318239334989999900e+00
1.067249004540000046e+00
1.065508659020000026e+00
1.374558077179999893e+00
9.182028443209999669e-01
8.513629987509999664e-01
9.241980982799999911e-01
8.491353753150000516e-01
1.179828124219999941e+00
2.556910832320000160e-01
1.880594131559999993e-01
1.658186940040000112e-01
1.997563321290000138e-01
2.527824022340000032e-01
2.981209467300000027e-01
3.258427808780000046e-01
3.324017010390000193e-01
3.172119764749999904e-01
2.844612979839999944e-01
2.428717496639999918e-01
2.473756948020000013e-01
3.282221196769999905e-01
4.599100540070000243e-01
5.690839577670000482e-01
6.356828584429999873e-01
6.593250715620000424e-01
6.401323900299999980e-01
5.890456124580000230e-01
5.333107499010000252e-01
5.527267064159999688e-01
6.310096137459999532e-01
7.034633673869999937e-01
7.475436030200000026e-01
7.574568500420000294e-01
7.281508136080000471e-01
6.487973866399999734e-01
5.036376496159999938e-01
2.974730163539999750e-01
1.580595029930000062e-01
2.494058815179999999e-01
3.643671391830000106e-01
4.136030220860000273e-01
4.059365474730000090e-01
3.478858920619999906e-01
2.985650717259999976e-01
4.309079734999999856e-01
6.394007643039999467e-01
7.870556561729999956e-01
8.300840525649999524e-01
7.840147860849999706e-01
6.357759109559999455e-01
4.301076339950000160e-01
3.976525513460000272e-01
4.722846344200000157e-01
4.923854899019999842e-01
3.976697406940000179e-01
1.884635084450000109e-01
2.830946546990000257e-01
5.682209786880000335e-01
7.172231275270000150e-01
7.147751962320000318e-01
6.019001242260000328e-01
5.145446592969999955e-01
6.677625038029999516e-01
7.450524469739999711e-01
6.795766708479999973e-01
4.003948658670000160e-01
1.426265744069999952e-01
4.476710816439999907e-01
5.572828299850000056e-01
4.960519317620000201e-01
4.115829725190000010e-01
7.063326339169999635e-01
9.051652621039999458e-01
8.819294577840000038e-01
5.986336710790000071e-01
2.695091707250000246e-01
4.743935485740000124e-01
5.181823340679999612e-01
3.181608562720000255e-01
4.487358704439999846e-01
8.691927079529999656e-01
9.544651987669999782e-01
7.845483660609999799e-01
4.369772152599999959e-01
6.280720126629999456e-01
6.929242309540000200e-01
4.545844072840000138e-01
2.941971009700000139e-01
7.946787588360000321e-01
8.942054489380000248e-01
7.188446503950000066e-01
6.091758642819999903e-01
8.840424183920000401e-01
8.846101525930000209e-01
4.519416755489999993e-01
4.481306823940000017e-01
7.987565410610000249e-01
7.625811747630000248e-01
4.626457516390000135e-01
9.793340543220000471e-01
1.103668409219999980e+00
8.858495698989999889e-01
3.764879446839999866e-01
7.407925925370000275e-01
7.303040052789999681e-01
2.742274540190000054e-01
1.050288251880000079e+00
1.231549960129999954e+00
1.114649428509999929e+00
3.726033399720000139e-01
8.258122732210000372e-01
8.694275228029999525e-01
4.333677338859999728e-01
9.449714708499999949e-01
1.259429665879999938e+00
1.196289543020000012e+00
4.591303947070000113e-01
9.588792202489999639e-01
1.015747721869999953e+00
6.013865901910000478e-01
9.838418387270000398e-01
1.265198859849999913e+00
1.173917400729999949e+00
6.315569457659999664e-01
1.135621886730000085e+00
1.144724846959999986e+00
5.081518551300000519e-01
1.135654616150000074e+00
1.248325276010000096e+00
1.044284325180000028e+00
1.061131131920000081e+00
1.270985369519999963e+00
1.172721898670000096e+00
5.436276833609999803e-01
1.172780970920000110e+00
1.169085680400000049e+00
5.012900758199999585e-01
1.300688621699999992e+00
1.310670240869999947e+00
7.561459792150000414e-01
9.894878671269999870e-01
1.100320623590000046e+00
8.004344789749999745e-01
1.179771438449999987e+00
1.344486633760000105e+00
1.092925920829999953e+00
6.703811921960000086e-01
9.891430076580000064e-01
8.364540138849999584e-01
1.019989291139999921e+00
1.321421457500000063e+00
1.133443320840000101e+00
4.092453287569999820e-01
8.711250228510000193e-01
7.468200468400000291e-01
8.035062201920000202e-01
1.253410177399999936e+00
1.110242662549999926e+00
4.451322570039999982e-01
7.985532451569999912e-01
6.207719688410000547e-01
7.578694712129999678e-01
1.143311202500000068e+00
9.513059695819999773e-01
5.850603168389999498e-01
1.669440843669999897e+00
1.366636644820000024e+00
1.173598194580000031e+00
7.107985921420000297e-01
1.403860162930000044e+00
1.457165056570000061e+00
9.194141945179999942e-01
1.168437187409999911e+00
9.642960971980000240e-01
1.070279724339999960e+00
1.939141653939999932e+00
1.615832393460000072e+00
6.604161735610000195e-01
1.584582534779999996e+00
1.866046384679999948e+00
1.477483821220000104e+00
1.543541831059999980e+00
9.193058905800000069e-01
1.458334926999999892e+00
1.553772658350000002e+00
9.056286637610000412e-01
1.156441644150000059e+00
1.847885005810000036e+00
1.215366608919999925e+00
1.288071579669999966e+00
5.875329289389999987e-01
1.195361696279999997e+00
4.831343043449999874e-01
1.324221652020000084e+00
8.824184671289999615e-01
1.340560421129999957e+00
5.131094350239999713e-01
1.205125602270000096e+00
5.468294803619999644e-01
1.293733864220000029e+00
1.434556196299999975e+00
1.790783835230000065e+00
1.361686440549999988e+00
6.288058212470000186e-01
1.175001644039999960e+00
1.421438884979999928e+00
7.270071568320000122e-01
1.076323842559999910e+00
1.318028970050000082e+00
7.928790422999999477e-01
2.017848726880000054e+00
7.988311458739999482e-01
1.359732954939999905e+00
9.873358498530000471e-01
1.945082536039999921e+00
1.524000165799999973e+00
1.234007989460000010e+00
1.430409420479999971e+00
1.438958941549999926e+00
1.108333250979999907e+00
1.216877120309999949e+00
1.650497720900000020e+00
1.449684502139999998e+00
5.684962552410000036e-01
6.036339997970000537e-01
6.257034102720000490e-01
6.426393317899999902e-01
7.076564143800000428e-01
7.599765224179999556e-01
7.773050158130000442e-01
8.570031660060000167e-01
1.268950390060000100e+00
1.528052347350000062e+00
1.578392676590000043e+00
1.343283446370000078e+00
5.312638614619999977e-01
6.926708195959999648e-01
1.133671816299999913e+00
1.198040069799999996e+00
7.309779097409999649e-01
1.674212220690000086e+00
1.331190234909999992e+00
7.436915139180000356e-01
1.298782090600000050e+00
4.808291738700000151e-01
1.697749518680000014e+00
9.174877272639999637e-01
1.195930645690000071e+00
6.740637352270000271e-01
1.184943748480000059e+00
1.753967562699999982e+00
4.817979639910000000e-01
1.117209732450000104e+00
7.272967816990000278e-01
1.406224439769999890e+00
1.895060469629999966e+00
9.291710240549999611e-01
1.363126039389999988e+00
1.114213501909999904e+00
6.097585770750000300e-01
1.606030678320000016e+00
1.071425637239999951e+00
7.940851194600000440e-01
1.191235893240000010e+00
1.172351695949999995e+00
9.240518066430000177e-01
8.925463958560000410e-01
1.659929149689999939e+00
1.335561184359999931e+00
1.612295905230000104e+00
7.890685223569999796e-01
1.325234990910000077e+00
4.472981366870000253e-01
6.398743262149999556e-01
1.343519775569999908e+00
1.294136668239999954e+00
1.263274154379999903e+00
7.631316287339999782e-01
1.924631369969999950e+00
1.657838348210000090e+00
7.773339453240000196e-01
1.628452721269999959e+00
9.450657401900000032e-01
1.233096472619999995e+00
9.586610055769999583e-01
3.762123893909999905e-01
7.473557560479999751e-01
1.189823498720000039e+00
7.263907381230000349e-01
1.388281240390000004e+00
1.936773519479999983e+00
1.427826729399999994e+00
7.773345352249999562e-01
1.043183229190000061e+00
1.349139195470000052e+00
1.598005058230000053e+00
1.211232830449999964e+00
9.285741113559999871e-01
1.102418312209999973e+00
1.605227816289999998e+00
1.710772209960000012e+00
1.506657619340000087e+00
1.748887577300000107e+00
1.404583567910000053e+00
6.634181134019999648e-01
1.130306540140000093e+00
1.527823306139999948e+00
6.127369145850000143e-01
1.077991863949999907e+00
1.069258640349999956e+00
9.449718933180000224e-01
1.764387046680000015e+00
8.753297302350000475e-01
1.372133413860000095e+00
1.657234248690000022e+00
8.836008283899999816e-01
1.730143847619999953e+00
1.144688376960000031e+00
1.561050887569999990e+00
1.587616906550000095e+00
1.235947988259999963e+00
1.010871624009999969e+00
9.676741162299999921e-01
1.646095869000000045e+00
1.511568151729999920e+00
8.299856378429999459e-01
8.720450940039999876e-01
8.131597847029999881e-01
3.270408656600000130e-01
7.160823518329999526e-01
8.529621601819999954e-01
9.012903661359999985e-01
9.289330927869999810e-01
9.513617325840000305e-01
9.669335655080000258e-01
9.647665017580000502e-01
9.954771409229999923e-01
1.406815627300000093e+00
1.493726175810000001e+00
1.500805805960000017e+00
1.490285532069999919e+00
1.458065631239999993e+00
1.263157387269999932e+00
5.560243389190000496e-01
6.776737652040000226e-01
6.939392626489999660e-01
6.899714802109999656e-01
6.082178172769999724e-01
1.185600930189999902e+00
1.468891144599999921e+00
1.497528391969999984e+00
1.490848141849999919e+00
1.139376265129999899e+00
9.633230787750000079e-01
9.391381865450000310e-01
8.721120360899999868e-01
4.197564356119999895e-01
1.239951827570000109e+00
1.300493440839999959e+00
1.231201556700000088e+00
1.123787731169999971e+00
1.089761781710000044e+00
9.152151390949999632e-01
9.173331657769999703e-01
1.141134486519999935e+00
1.144778230650000062e+00
1.244084717060000012e+00
1.202568604160000110e+00
4.979398725670000081e-01
9.755617557329999689e-01
1.047498874199999985e+00
1.270858653059999899e+00
1.309535492960000047e+00
4.824208791890000070e-01
8.871203975520000062e-01
9.249075010749999715e-01
1.419292831629999974e+00
1.364431289699999938e+00
7.343878263269999485e-01
7.996411105220000426e-01
1.432124382460000067e+00
1.492352970390000033e+00
6.559377042530000201e-01
7.027754595559999595e-01
1.473728907049999926e+00
1.510013565850000017e+00
7.530856366829999926e-01
6.399525343899999941e-01
1.449105128050000024e+00
1.216473713120000077e+00
8.808871069589999658e-01
1.101524102680000006e+00
1.347164602419999913e+00
1.071803472610000085e+00
7.280947682599999693e-01
1.197837827320000104e+00
1.200015107410000059e+00
9.899556140099999846e-01
1.044028567000000018e+00
1.273502466080000062e+00
1.158795313379999969e+00
9.311159155639999740e-01
1.305488083840000035e+00
1.224405200429999896e+00
8.293701015629999507e-01
1.468864337070000081e+00
9.355608634190000217e-01
7.209151187350000267e-01
1.526461337009999975e+00
6.296171452669999669e-01
5.699805967340000334e-01
1.497256156599999999e+00
8.538693275169999541e-01
1.193457760150000047e+00
1.218431289239999993e+00
9.556350650429999982e-01
1.226350460289999944e+00
1.165274159720000036e+00
3.839175534020000113e-01
1.097594148950000070e+00
1.184603721310000024e+00
9.808338922749999522e-01
1.368178666749999994e+00
7.184235404779999445e-01
8.897847728679999513e-01
1.329686321719999897e+00
7.481095989660000445e-01
1.527639473450000063e+00
7.063153117110000379e-01
1.471807298399999908e+00
7.706656282370000222e-01
9.208464272999999922e-01
1.171936749479999929e+00
8.529497285449999522e-01
1.296432447449999970e+00
1.061129697629999979e+00
1.137487850060000083e+00
1.216583596630000041e+00
9.798745315869999972e-01
1.335829505530000016e+00
7.760241632850000126e-01
1.372464745979999901e+00
1.262938406039999961e+00
8.358203711749999654e-01
1.489095045840000076e+00
5.897017819159999785e-01
7.792414213160000491e-01
1.520482227230000039e+00
6.303602290980000467e-01
6.503262551480000209e-01
1.516694011200000025e+00
7.243335769059999762e-01
1.442600478739999970e+00
1.349993371220000071e+00
7.496013231710000335e-01
1.471785806870000046e+00
7.691347156610000013e-01
6.809794155499999668e-01
1.469315436010000031e+00
7.988776385879999831e-01
1.306125636229999998e+00
1.427050571129999890e+00
7.658885754830000447e-01
1.452039144160000017e+00
8.740801794389999602e-01
4.437378049849999839e-01
1.441827175610000067e+00
8.880803967170000091e-01
1.333389852899999894e+00
1.031595095279999930e+00
6.956663220590000307e-01
1.317110393689999936e+00
1.053381760259999966e+00
1.159955667520000011e+00
1.156859661499999969e+00
8.892843414309999917e-01
1.212045820669999996e+00
1.147294940489999915e+00
1.099860176129999978e+00
1.164635043769999934e+00
5.187645602239999709e-01
1.132018819630000062e+00
1.244512442800000063e+00
1.005308274709999949e+00
1.360780045420000084e+00
2.724652531230000174e-01
9.739891938770000035e-01
1.365046700840000016e+00
8.555325876589999767e-01
1.456910328760000040e+00
7.155354424280000458e-01
1.233109366209999891e+00
1.376482900959999922e+00
8.126930009049999626e-01
1.457452053339999942e+00
7.738644802330000294e-01
1.448121249349999973e+00
6.081025711559999714e-01
6.887346968999999985e-01
1.481288901409999914e+00
7.332815520359999839e-01
1.518885157539999975e+00
7.158193328730000360e-01
1.351151713619999972e+00
1.325640994180000032e+00
6.833527014419999990e-01
1.505730896830000054e+00
7.951999973679999556e-01
1.433752405839999966e+00
8.873216620320000247e-01
1.272365854290000042e+00
8.743677556729999578e-01
7.238669910239999838e-01
1.383364166040000010e+00
9.168580061350000143e-01
1.324320941849999933e+00
1.010349422560000043e+00
1.206514032480000109e+00
1.062593941410000076e+00
3.038533755210000020e-01
1.283115875010000018e+00
1.070878239080000016e+00
1.183798896189999894e+00
1.201116773340000110e+00
1.049663843120000051e+00
1.304488250939999983e+00
6.604842682189999703e-01
1.212911547900000109e+00
1.067070981459999901e+00
1.011639309780000051e+00
1.283028040939999892e+00
9.460991354229999484e-01
1.375851210730000052e+00
8.742181877419999969e-01
1.430656981730000110e+00
6.629265612410000230e-01
1.233543408510000106e+00
1.292972036219999898e+00
7.885379723369999594e-01
1.489488664000000018e+00
7.307030108119999534e-01
1.521875816969999962e+00
7.224672148490000056e-01
1.504152360970000046e+00
7.438710584309999874e-01
1.238057802159999943e+00
6.568389999889999720e-01
6.767738038389999877e-01
1.407524672679999922e+00
7.594098671750000307e-01
1.475759449629999942e+00
4.265011192309999810e-01
9.961397771320000538e-02
9.599866479410000542e-02
9.502433724049999531e-02
9.594688789989999633e-02
9.696999240449999391e-02
9.675292223159999427e-02
1.050872391090000024e-01
1.008278587589999942e-01
1.070438980030000015e-01
1.179919197749999954e-01
1.168347201639999972e-01
1.217161668780000067e-01
1.231210900520000040e-01
1.278929731929999980e-01
1.278509786320000119e-01
1.287626443909999918e-01
1.299795864920000044e-01
1.359902695309999909e-01
1.324762380579999899e-01
1.334331719090000035e-01
1.394161107790000131e-01
1.434192790540000095e-01
1.473849127390000069e-01
1.489153452610000039e-01
1.487310703689999902e-01
1.482110434349999950e-01
1.485077481800000099e-01
1.472677957859999942e-01
1.507269988549999884e-01
1.450683862599999874e-01
1.464353802320000064e-01
1.370232212799999960e-01
1.323314165860000058e-01
1.323024728960000007e-01
1.227100720999999978e-01
1.143821666709999990e-01
1.106570579639999941e-01
1.057312484229999960e-01
1.018598799050000059e-01
9.600974530929999584e-02
9.241230738359999808e-02
9.416066256110000587e-02
9.022394880249999527e-02
8.935193614610000001e-02
1.018792690630000025e-01
1.048543555339999933e-01
1.077648336709999960e-01
1.208092993009999977e-01
1.252727658309999992e-01
1.321081585720000062e-01
1.354423369270000010e-01
1.386207916449999911e-01
1.407267413240000098e-01
1.356926993470000120e-01
1.365512396040000076e-01
1.342819758849999878e-01
1.311263026889999961e-01
1.289161071540000092e-01
1.289485778580000130e-01
1.264866964960000006e-01
1.231596733090000034e-01
1.218436915120000019e-01
1.209271283460000013e-01
1.148054706829999966e-01
1.129757781469999944e-01
1.064578770980000033e-01
1.025683715989999939e-01
1.052098356010000013e-01
1.061856094179999960e-01
1.074516642460000004e-01
1.159215064840000003e-01
1.196974594939999997e-01
1.315777680419999984e-01
1.404756220060000005e-01
1.445423247179999926e-01
1.396157542850000044e-01
1.425129361399999905e-01
1.348366822900000095e-01
1.272066239190000059e-01
1.124692141860000050e-01
9.563262995719999660e-02
9.563087582500000294e-02
9.606261143670000169e-02
9.987263067809999673e-02
1.082471402930000048e-01
1.184122076030000026e-01
1.319603469750000035e-01
1.374602738980000016e-01
1.368061075270000093e-01
1.377521680849999874e-01
1.415533342620000079e-01
1.322263731049999891e-01
1.297381394329999993e-01
1.251288100940000092e-01
1.245353610040000059e-01
1.154170850559999989e-01
1.053348061210000047e-01
1.037354193170000050e-01
9.984953498309999398e-02
1.079197488630000007e-01
1.137520145439999963e-01
1.302577666239999876e-01
1.435450327389999892e-01
1.518129262150000047e-01
1.463507582459999956e-01
1.367868241559999920e-01
1.214349001530000000e-01
1.054495385800000018e-01
1.010990039620000003e-01
9.913354517590000636e-02
1.052380770890000011e-01
1.115565696309999966e-01
1.246123928679999937e-01
1.281323844660000044e-01
1.297332965949999917e-01
1.338232708050000053e-01
1.377452377310000031e-01
1.402101263759999994e-01
1.365212565679999879e-01
1.187008683269999976e-01
1.094171048530000051e-01
9.440618493940000633e-02
9.099810211299999563e-02
9.876242861259999783e-02
1.104659636499999986e-01
1.310824708889999912e-01
1.444847626019999942e-01
1.459711246289999986e-01
1.401264638159999965e-01
1.289772310149999990e-01
1.188352723490000012e-01
1.117513827359999934e-01
1.075269807619999990e-01
1.042255091239999987e-01
1.088648512109999938e-01
1.163710327920000065e-01
1.177739836540000057e-01
1.194424405360000052e-01
1.289773091649999981e-01
1.343098897610000009e-01
1.400924032589999924e-01
1.378514864560000108e-01
1.380296675959999941e-01
1.092808241889999948e-01
9.978496027710000160e-02
9.410225439309999329e-02
9.756830711950000012e-02
1.085533354449999960e-01
1.261592526230000122e-01
1.387815650720000127e-01
1.468894788600000056e-01
1.407239937120000062e-01
